0 0.2515625 0.7421875 0.1640625 0.06875
0 0.03203125 0.59375 0.0484375 0.05
0 0.08671875 0.65234375 0.1375 0.0359375
0 0.18125 0.5546875 0.028125 0.06875
0 0.22734375 0.5640625 0.034375 0.04375
0 0.05390625 0.73125 0.0984375 0.078125
0 0.04296875 0.8140625 0.06875 0.0578125
0 0.51875 0.4859375 0.0359375 0.0453125
0 0.66875 0.47265625 0.084375 0.10625
0 0.55390625 0.3640625 0.0625 0.065625
0 0.60390625 0.4375 0.04375 0.0390625
0 0.43671875 0.490625 0.084375 0.08125
0 0.54296875 0.6296875 0.1515625 0.2046875
0 0.40625 0.7109375 0.1328125 0.165625
0 0.70625 0.78203125 0.125 0.2453125
0 0.5421875 0.8234375 0.10625 0.1484375
0 0.4078125 0.57109375 0.075 0.046875
0 0.421875 0.94296875 0.075 0.1140625
0 0.13984375 0.90234375 0.1671875 0.128125
0 0.27734375 0.6546875 0.05625 0.05625
0 0.1171875 0.58515625 0.0578125 0.0546875
0 0.25703125 0.5 0.0484375 0.065625
0 0.66875 0.37734375 0.040625 0.0390625
0 0.609375 0.365625 0.0328125 0.0546875
0 0.83984375 0.75234375 0.0640625 0.09375