0 0.46015625 0.2453125 0.10625 0.1140625
0 0.15078125 0.125 0.15625 0.203125
0 0.39453125 0.08984375 0.1234375 0.134375
0 0.5171875 0.47109375 0.1484375 0.1609375
0 0.35078125 0.46796875 0.08125 0.1078125
0 0.42265625 0.44765625 0.0375 0.0359375
0 0.80546875 0.33984375 0.3890625 0.3171875
0 0.6875 0.06796875 0.1421875 0.1125
0 0.53125 0.11328125 0.1046875 0.125
0 0.35 0.25078125 0.109375 0.1359375
0 0.653125 0.5734375 0.1390625 0.159375
0 0.2359375 0.29296875 0.0671875 0.13125
0 0.25078125 0.084375 0.1078125 0.165625
0 0.14609375 0.40859375 0.08125 0.103125
0 0.08984375 0.03828125 0.0640625 0.0765625
0 0.4390625 0.67109375 0.1140625 0.19375