0 0.1492965317817926 0.5837723431912435 0.2985930635635852 0.314419686382487
0 0.34254891893819656 0.55681800670824 0.2008931840173404 0.20972720798203354
0 0.49499137947565763 0.5738839995366638 0.11158848933548189 0.14891370435383652
0 0.5856541768307043 0.5629589124206881 0.07245039462538863 0.11947917549789597
0 0.429057024383395 0.7516344881039185 0.12281441567207611 0.1274752139724832
0 0.38789515613695275 0.9252157987262064 0.15165204721387227 0.1495684025475871
0 0.5276633114268595 0.9560417019915839 0.12181335779368574 0.08791659601683222
0 0.5798305691076058 0.7435913535276806 0.0884548262236546 0.0997668762235353
0 0.6385523927004245 0.6493527694069298 0.07694047355046649 0.14302580290255767
0 0.6916311610456887 0.5713567441791862 0.0440677893919517 0.08730159255827133
0 0.6437088715125627 0.5070561420022679 0.052714747298576906 0.07512897477225663
0 0.4783939556287251 0.4018626665970393 0.12108531570031093 0.09778771397248338
0 0.5736686582736785 0.41928083429038693 0.08202281570031093 0.09642362141421187
0 0.2707480556004903 0.3648636304847046 0.2704020472138723 0.17161213828925295