0 0.28939745566064223 0.5222078398681003 0.127228771539425 0.07727154800821019
0 0.31583962336133997 0.47937544525429454 0.15197739926336587 0.09615790339440444
0 0.560577595036651 0.20959525214129932 0.3200603997675689 0.24395102966144586
0 0.4645506389486803 0.5880969811622563 0.09165190445914603 0.05988406010845857
0 0.6702703972465535 0.4962872519449076 0.08940098960843983 0.07236587939029934
0 0.3692424008528497 0.21864247833358594 0.12788433540139543 0.08664654800821019
0 0.35327355740568256 0.32406123135864806 0.14652507475773363 0.08519313231716552
0 0.8930309180296738 0.6413917154477706 0.10579081411407217 0.08339428298109546
0 0.45969924798318756 0.5904134600850175 0.0938699683211162 0.06926815046753827
0 0.6534114071339105 0.7150281615858279 0.19394637797604233 0.09327834308955403
0 0.7809079764437626 0.6688758451326576 0.07537134059717551 0.05041815651766228
0 0.8243412661684179 0.7183673059050462 0.05930929802252862 0.04407725292686617
0 0.41606994426067584 0.7449100625443454 0.09979218639013113 0.06461701190385671
0 0.3228062633184264 0.7709407765381879 0.09644866510280767 0.06147383118569749