0 0.4578125 0.49140625 0.1375 0.26875
0 0.80390625 0.31328125 0.1828125 0.41875
0 0.715625 0.34453125 0.0609375 0.096875
0 0.7390625 0.5734375 0.1125 0.1578125
0 0.67109375 0.81484375 0.1421875 0.265625
0 0.51328125 0.80234375 0.1671875 0.2953125
0 0.38359375 0.77578125 0.115625 0.1453125
0 0.97734375 0.790625 0.0453125 0.290625
0 0.89453125 0.07890625 0.1296875 0.1578125
0 0.65703125 0.2546875 0.0359375 0.065625
0 0.38671875 0.9359375 0.1640625 0.128125
0 0.84140625 0.8390625 0.0828125 0.0828125
0 0.83515625 0.64140625 0.05 0.0703125
0 0.8484375 0.92734375 0.1609375 0.084375
0 0.0484375 0.17265625 0.04375 0.0515625
0 0.1296875 0.84765625 0.1265625 0.1140625
0 0.25859375 0.94375 0.0546875 0.1015625
0 0.078125 0.41953125 0.0546875 0.0734375