0 0.16328125 0.44935379984470825 0.1375 0.12988346302712267
0 0.24609375 0.5416770787133162 0.078125 0.08423776308359229
0 0.30390625 0.8130130233951747 0.078125 0.11080026308359266
0 0.2671875 0.9249368997458862 0.0765625 0.07789675782192092
0 0.440625 0.7295697337914614 0.0609375 0.0926117052052021
0 0.4109375 0.6161218838196962 0.0546875 0.07818518415851479
0 0.4828125 0.4578081258566014 0.05 0.07009966837349921
0 0.3375 0.3134071365211194 0.1390625 0.14872446828879457
0 0.45859375 0.23764754430068766 0.05625 0.05483868942018653
0 0.45703125 0.35083778903901586 0.0625 0.06926521046687402
0 0.5328125 0.3458765442301005 0.0640625 0.14591871572854576
0 0.41953125 0.9150599127588915 0.0703125 0.08534523677523324
0 0.26015625 0.6409336260683629 0.0875 0.07697129465362344
0 0.4 0.48814109698799335 0.0859375 0.08469278939195171