0 0.6550258340062364 0.4778584113538476 0.1647557954530477 0.22718437697836452
0 0.5147963003210163 0.5078845053155253 0.054317127433984425 0.16051477611928178
0 0.42414007264215065 0.5556436538906158 0.07131371266133187 0.1504780348257091
0 0.3611240551922802 0.35016161578554633 0.12772735389503395 0.16280097241038013
0 0.29087755924947 0.5368228120766447 0.05245461850553053 0.143245388964152
0 0.2111297836819248 0.4479484198331322 0.04749438311602727 0.12737472749876275
0 0.6565782459362197 0.7459909356641072 0.1258296631477993 0.23294969810012062
0 0.821985057624617 0.7248108972203534 0.14008307792045188 0.24462418249628862
0 0.42525610794892843 0.7987761782008753 0.09400691882984216 0.1984994549975257
0 0.2861196956119081 0.7122322478522933 0.044069374187573465 0.11002345318850323
0 0.17549802110002308 0.5569449615562464 0.03840002678536125 0.05352779172311415
0 0.12532865137667648 0.46026471336526864 0.04193412986961631 0.07712906603337366
0 0.12546324472169895 0.33357938263257403 0.059394365259119744 0.0936548247398008
0 0.12258193222252278 0.21330782621013888 0.0573954886359143 0.06857293758467105
0 0.10489778003177211 0.09615794776143638 0.05487050649282175 0.10278416327441157
0 0.28804329098882075 0.19525278776638516 0.0679705243497292 0.1378142605154496
0 0.47079333563108944 0.27169137777133395 0.07896257142762994 0.14151247060135788
0 0.06458206614932886 0.47439581241532897 0.0414432061685102 0.049004066033373664
0 0.332211265821722 0.8888866010862252 0.05012845941492108 0.09941350180902261
0 0.26921065949105605 0.8186836437138505 0.054297762174864594 0.0699716632744117
0 0.04706155519228024 0.3666209339666265 0.033876168019063256 0.06265713025772479
0 0.03190456493480816 0.035862256897404965 0.03837275324641089 0.05196529172311404
0 0.02461776501423841 0.2903826605608781 0.0303693384737585 0.04061835594746528
0 0.0779376339268061 0.2539638037089017 0.03406708279171564 0.0735946302577248
0 0.02916712296975747 0.1478266683627942 0.01619774431795714 0.033631371551297515
0 0.3962289013733812 0.9277576713034703 0.07817163879807003 0.09619997060135788