0 0.46953125 0.75390625 0.0640625 0.034375
0 0.45859375 0.71875 0.0765625 0.0390625
0 0.46953125 0.64765625 0.075 0.01875
0 0.49609375 0.82265625 0.0453125 0.0171875
0 0.51015625 0.86171875 0.0796875 0.0390625
0 0.63671875 0.815625 0.0359375 0.025
0 0.68984375 0.88828125 0.0484375 0.0453125
0 0.540625 0.73046875 0.059375 0.040625
0 0.56171875 0.65703125 0.0234375 0.0171875
0 0.71640625 0.8015625 0.0546875 0.053125
0 0.74375 0.85234375 0.0453125 0.025
0 0.79765625 0.9015625 0.06875 0.0359375
0 0.54375 0.92578125 0.034375 0.04375
0 0.57265625 0.8859375 0.028125 0.0265625
0 0.5828125 0.828125 0.03125 0.0203125
0 0.47578125 0.790625 0.115625 0.0359375
0 0.61953125 0.759375 0.0828125 0.0609375