0 0.29629053329355826 0.31673146588238144 0.26291103060296184 0.18842476095825483
0 0.056350429902736074 0.4136579315553659 0.1053467795695046 0.08598034946188075
0 0.1726839052956302 0.40979872332597955 0.08430653349844604 0.06940927956950453
0 0.43553077750259 0.09252133209348519 0.18046240363849114 0.18504266418697038
0 0.537735324649887 0.2711855636916323 0.2277012766740203 0.20237594499481998
0 0.19137178515558506 0.5274207169158387 0.044952935070022584 0.06133991439185813
0 0.3260571542621729 0.49776098800828794 0.15360449710451585 0.11785108767505648
0 0.2923477801931863 0.6022323182397462 0.042517139784752266 0.042517139784752446
0 0.2939594760165759 0.6847901071148759 0.04698631596343468 0.03804796360606986
0 0.1236192049241267 0.5594198877178377 0.0406635413563289 0.036194365177646404
0 0.13434268920836098 0.4965560146823084 0.050111315963434724 0.038193512820281585
0 0.10046849524699826 0.6213034576102139 0.03463186517764645 0.04059076674922295
0 0.2217034863556581 0.6795803763452982 0.053163541356328815 0.03677656203449331
0 0.19227500558608046 0.6084523930945211 0.06839043507002263 0.0624315334984459
0 0.06099077233530348 0.5818257346985191 0.05211046360606986 0.04764128742738745
0 0.05988634470887898 0.5218514212162837 0.06788101282028158 0.051494033498445904
0 0.6470352801931863 0.5857124824267166 0.09836903349844608 0.0700642510334573
0 0.5977223308551401 0.6402394706398924 0.04371576674922295 0.03477741439185813
0 0.4027373165871165 0.6423050465281246 0.1278767510334573 0.10106169396136266
0 0.2583944652632089 0.5445675215067339 0.06304796360606986 0.04815070967712849
0 0.14739699917593968 0.6347088320934852 0.02452911910658786 0.024529119106587772
0 0.6891628141059171 0.6687218815170939 0.1046190334984459 0.07035534946188057
0 0.9316307580672799 0.5342590285405565 0.08412675103345749 0.09902400496239885
0 0.7536534613342674 0.5059093583577301 0.11606595574818712 0.0818022717116218
0 0.7567741532287157 0.5728057599293066 0.06021406203449331 0.054255160462916764
0 0.509308340160765 0.7308880494236087 0.050111315963434676 0.038193512820281585
0 0.5861983258927415 0.7202908436754216 0.03804796360606986 0.04698631596343468
0 0.6401944671252358 0.7325874824267167 0.054255160462916764 0.06021406203449331
0 0.5055348308551401 0.644533172459138 0.06809933664159917 0.0561815334984459
0 0.5929620562480343 0.6420202944612099 0.041862168320799496 0.028454639784752267
0 0.6098606118723868 0.6139487983901514 0.02765411910658777 0.0246746683207995
0 0.838692164806143 0.06929546216283701 0.15665672249741008 0.11643413688926818
0 0.27006617349259526 0.4278701730783105 0.06290241439185813 0.04502570967712849
0 0.3759136433039182 0.7495738910276065 0.06282963978475227 0.04346320967712849
0 0.44032074566128304 0.7559287448327134 0.04542381596343468 0.037975188998963995
0 0.40698386083892946 0.7185036734925954 0.04386131596343468 0.03790241439185813
0 0.21966364330391816 0.7568513517381923 0.051601041356328814 0.036703787427387446
0 0.4286256902418183 0.3877438250641719 0.06577485731976367 0.07322348428423435
0 0.4651924288692788 0.48972154797586664 0.0927012303552928 0.08227315260503384
0 0.2863609917323416 0.7475084309361935 0.05225601282028158 0.050766287427387445
0 0.6148394418944482 0.04684813223871031 0.13143839867609247 0.09369626447742062
0 0.5118814158396002 0.0023650589341213902 0.0887371683207995 0.0047301178682427805