0 0.22890625 0.61875 0.0703125 0.0703125
0 0.1203125 0.59609375 0.103125 0.05
0 0.078125 0.71171875 0.0859375 0.05625
0 0.25859375 0.8390625 0.1140625 0.16875
0 0.5046875 0.803125 0.096875 0.15625
0 0.5109375 0.6046875 0.0609375 0.0796875
0 0.48671875 0.53515625 0.0515625 0.0484375
0 0.5640625 0.55078125 0.028125 0.0546875
0 0.60234375 0.6328125 0.040625 0.0578125
0 0.6765625 0.703125 0.0703125 0.0953125
0 0.67421875 0.903125 0.125 0.1515625
0 0.77578125 0.746875 0.0640625 0.0859375
0 0.7328125 0.66015625 0.059375 0.065625