0 0.6375 0.65703125 0.2953125 0.3640625
0 0.81484375 0.2828125 0.3375 0.446875
0 0.2890625 0.22890625 0.0671875 0.11875
0 0.4328125 0.3453125 0.203125 0.3953125
0 0.2875 0.534375 0.1046875 0.24375
0 0.14296875 0.4046875 0.1109375 0.278125
0 0.21640625 0.6828125 0.103125 0.1859375
0 0.275 0.9328125 0.075 0.134375
0 0.42265625 0.7125 0.0921875 0.15625
0 0.5171875 0.8828125 0.1453125 0.1703125
0 0.95390625 0.72421875 0.0921875 0.3265625
0 0.82890625 0.87265625 0.153125 0.1328125
0 0.13828125 0.659375 0.0875 0.128125
0 0.121875 0.8484375 0.0828125 0.2015625
0 0.06484375 0.625 0.078125 0.16875
0 0.18359375 0.26875 0.1078125 0.26875
0 0.03359375 0.23828125 0.0671875 0.1703125
0 0.61171875 0.0234375 0.1140625 0.046875
0 0.534375 0.15 0.15 0.2078125
0 0.3484375 0.06640625 0.109375 0.1015625
0 0.325 0.365625 0.0546875 0.096875
0 0.246875 0.3015625 0.059375 0.1421875
0 0.32734375 0.74765625 0.06875 0.11875
0 0.334375 0.91640625 0.0765625 0.1390625
0 0.03125 0.42578125 0.0625 0.1765625