0 0.16171875 0.578125 0.3234375 0.303125
0 0.37421875 0.54375 0.1890625 0.203125
0 0.52734375 0.55546875 0.103125 0.1453125
0 0.6171875 0.54140625 0.065625 0.1171875
0 0.471875 0.73515625 0.115625 0.1234375
0 0.44140625 0.91875 0.1421875 0.1625
0 0.5828125 0.946875 0.115625 0.10625
0 0.621875 0.721875 0.0828125 0.096875
0 0.675 0.62578125 0.06875 0.140625
0 0.7234375 0.54609375 0.0390625 0.0859375
0 0.671875 0.48359375 0.0484375 0.0734375
0 0.50078125 0.384375 0.115625 0.09375
0 0.596875 0.3984375 0.0765625 0.09375
0 0.29140625 0.3546875 0.2609375 0.1625