0 0.5956006211907784 0.3970424499860668 0.19877526165206785 0.3088100053985848
0 0.5203174898605413 0.10903942281587245 0.11039046882531948 0.2180788456317449
0 0.659543880826034 0.10556413038697376 0.1432029688253195 0.21112826077394753
0 0.8404546632612224 0.23711838524949394 0.24783547452530286 0.3436119805034754
0 0.786558392982305 0.5333673458322375 0.15421687848024562 0.24948162697434614
0 0.6497628693491929 0.6324821199021542 0.06662976114786474 0.15269987012586875
0 0.5564663374182078 0.6348393705268542 0.02548060124083733 0.05322008838228243
0 0.45172566300912076 0.1927478815245163 0.05841306956195354 0.12410127344521675
0 0.4348927141337424 0.36759451617253225 0.042963032183086725 0.08096658008391255
0 0.47609151450205955 0.3165638898228861 0.027414441838012848 0.1031016892121193
0 0.4896944646379455 0.511095139822886 0.050010707677454566 0.0706210759347277