0 0.2515625 0.68671875 0.075 0.034375
0 0.46484375 0.66875 0.1703125 0.059375
0 0.54765625 0.59765625 0.0921875 0.0453125
0 0.675 0.6078125 0.128125 0.05625
0 0.79609375 0.68125 0.175 0.0421875
0 0.690625 0.71953125 0.1453125 0.0671875
0 0.85078125 0.72734375 0.109375 0.0421875
0 0.95625 0.78203125 0.0734375 0.0640625
0 0.89375 0.63359375 0.08125 0.040625
0 0.06484375 0.6359375 0.0734375 0.05
0 0.325 0.6578125 0.0546875 0.028125
0 0.2703125 0.6546875 0.0515625 0.025
0 0.3125 0.5984375 0.065625 0.0296875
0 0.40234375 0.57265625 0.0703125 0.0328125
0 0.87890625 0.9109375 0.2421875 0.178125