0 0.5695880203449392 0.49571171629324323 0.17372645560836625 0.28079351564384114
0 0.8531934257388795 0.4689925086689666 0.20866829544054113 0.2081596524473092
0 0.7850084203402947 0.29405269282748137 0.21049274979950744 0.2938241366622938
0 0.720553911417225 0.22012164014017568 0.13594119046151915 0.21325740514873237
0 0.6913068871468158 0.3622860243128078 0.06527164772027057 0.10180469468185835
0 0.6395937896409709 0.5497019953030255 0.12022110207923689 0.19056335779368574
0 0.9767787553985847 0.39077025617930505 0.04644248920283047 0.1855272472985769
0 0.5730746761630867 0.8627472978491568 0.1929015854824973 0.22590859456891899
0 0.5009242211794204 0.6872537451618512 0.1351357070582587 0.1820984104104042
0 0.38864659627966675 0.5517628371705213 0.07561715186945542 0.09462923151356133
0 0.47846426764564676 0.411563500423523 0.0837848493799445 0.09977175782192056
0 0.46202028361768627 0.2877542741010463 0.07334425684847723 0.0851632262518895
0 0.5849240647365729 0.22174359527479065 0.12365283278320494 0.13320588410204498
0 0.384498012247062 0.23812527139962322 0.11787642946385705 0.13909186305535756
0 0.3036931010535516 0.6422428949783245 0.07573555103961845 0.09619173151356133
0 0.34409664856868505 0.8337100581607391 0.1125969336130419 0.1310063472703419
0 0.2823294317621641 0.7745317502117615 0.08089664772027057 0.10271474729857707
0 0.40182756081110266 0.9017551318947321 0.10492614357108554 0.1118923262236546