0 0.59375 0.75703125 0.1296875 0.1390625
0 0.6953125 0.94296875 0.13125 0.090625
0 0.8328125 0.94609375 0.090625 0.046875
0 0.7515625 0.78671875 0.0984375 0.1125
0 0.740625 0.71171875 0.046875 0.0328125
0 0.76953125 0.63515625 0.0859375 0.0578125
0 0.615625 0.546875 0.1359375 0.1578125
0 0.5828125 0.23359375 0.3 0.4671875
0 0.40859375 0.56953125 0.1046875 0.125
0 0.5265625 0.65078125 0.05 0.0765625
0 0.5828125 0.89296875 0.0515625 0.1078125
0 0.7921875 0.3671875 0.053125 0.04375
0 0.79296875 0.4328125 0.08125 0.0734375
0 0.9484375 0.81015625 0.090625 0.0703125
0 0.8578125 0.859375 0.05 0.0484375
0 0.8078125 0.8921875 0.034375 0.0296875