0 0.29375 0.56640625 0.1765625 0.2515625
0 0.0734375 0.35 0.1390625 0.1859375
0 0.2125 0.39765625 0.2390625 0.2390625
0 0.0234375 0.57109375 0.046875 0.1140625
0 0.06015625 0.5984375 0.09375 0.1515625
0 0.465625 0.4203125 0.1875 0.1890625
0 0.37421875 0.36640625 0.1421875 0.1828125
0 0.22578125 0.22421875 0.0875 0.109375
0 0.74296875 0.51640625 0.1703125 0.221875
0 0.64921875 0.15625 0.15 0.2171875
0 0.5171875 0.0625 0.096875 0.125
0 0.4375 0.03828125 0.11875 0.0765625
0 0.3671875 0.196875 0.075 0.0796875
0 0.1078125 0.77265625 0.140625 0.134375
0 0.27265625 0.79921875 0.159375 0.178125
0 0.7515625 0.71953125 0.2140625 0.35
0 0.79921875 0.84296875 0.2296875 0.3140625
0 0.9625 0.25703125 0.075 0.1671875
0 0.759375 0.25078125 0.16875 0.2578125
0 0.728125 0.13671875 0.1265625 0.15625
0 0.62265625 0.37109375 0.128125 0.2
0 0.634375 0.50859375 0.125 0.2515625
0 0.875 0.2546875 0.1390625 0.20625
0 0.93046875 0.51640625 0.0921875 0.13125
0 0.10859375 0.1625 0.08125 0.1359375
0 0.25234375 0.8453125 0.5046875 0.309375