0 0.805496078740938 0.5312997280278977 0.08953658510611114 0.09413035352912935
0 0.9028626944322575 0.5932687769929237 0.11591724715020817 0.08833063942190086
0 0.9631215151019793 0.5015441408950152 0.07375696979604136 0.08596265601864025
0 0.84024836597566 0.3155689068670548 0.16548344889756947 0.20750761452679142
0 0.5939539410137848 0.25479273715146006 0.14477090539458343 0.1887809253146721
0 0.5311123681598614 0.43642032283445004 0.08343205547083343 0.09990675684847723
0 0.5343841449453477 0.5099762220046131 0.06548083605604163 0.06579186597668389
0 0.46474313896142405 0.46648540851744 0.045168336056041626 0.06425267676456467
0 0.45171450246854195 0.3758128643262988 0.057777438829583264 0.06988737012586892
0 0.40040461597565996 0.28223954046616356 0.10105596656499997 0.11995914772027047
0 0.45961269576343755 0.11203470685776602 0.16922539152687505 0.16723781203728053
0 0.31824477298576404 0.2034857332027678 0.08982752583555564 0.10663035352912935
0 0.3345438798433683 0.30064507573423505 0.07845361474138893 0.08705155933798814