0 0.715625 0.5265625 0.2375 0.5484375
0 0.5765625 0.39609375 0.065625 0.1234375
0 0.58671875 0.49765625 0.0390625 0.0515625
0 0.95703125 0.3734375 0.0859375 0.1625
0 0.8890625 0.20546875 0.0703125 0.0984375
0 0.83515625 0.253125 0.05625 0.096875
0 0.62109375 0.89140625 0.090625 0.1234375
0 0.5515625 0.70078125 0.0578125 0.0890625
0 0.62421875 0.221875 0.0640625 0.0921875
0 0.69453125 0.15234375 0.071875 0.1078125
0 0.47109375 0.64765625 0.046875 0.0703125
0 0.51796875 0.675 0.0390625 0.096875
0 0.67109375 0.26796875 0.0359375 0.0546875