0 0.5671875 0.50625 0.1828125 0.1171875
0 0.57578125 0.83046875 0.26875 0.2171875
0 0.12890625 0.778125 0.153125 0.165625
0 0.40234375 0.38125 0.08125 0.0515625
0 0.46875 0.33671875 0.0578125 0.053125
0 0.5328125 0.36796875 0.1109375 0.046875
0 0.653125 0.41171875 0.153125 0.09375
0 0.65703125 0.3296875 0.10625 0.04375
0 0.58984375 0.303125 0.075 0.028125
0 0.60546875 0.2390625 0.0515625 0.0328125
0 0.67734375 0.23359375 0.05625 0.034375
0 0.55546875 0.275 0.06875 0.0296875
0 0.45625 0.253125 0.0625 0.034375
0 0.4140625 0.2921875 0.0609375 0.0265625
0 0.3640625 0.33984375 0.075 0.0375
0 0.31640625 0.39296875 0.0484375 0.03125
0 0.546875 0.18203125 0.0296875 0.0328125