0 0.8487273497288536 0.2484326540679856 0.3019635175611974 0.34797623084752427
0 0.5373575367917246 0.4461955091553107 0.3278987827847038 0.24109131378714893
0 0.41875246165615126 0.551450949629331 0.20059996369925487 0.11010915389834963
0 0.40034282924078984 0.6266047170525262 0.09260565651766246 0.07509425843752063
0 0.19748144965409875 0.574198935749515 0.1819226865718917 0.12195438947037936
0 0.10151198214421497 0.3902926725026711 0.20302396428842995 0.2087103450053421
0 0.37628718482337586 0.7320362615175634 0.04081589754067192 0.03423115626060227
0 0.27561956431187107 0.7089856527172232 0.04560339149054773 0.05158234736759475
0 0.7614984978587007 0.6017089322909539 0.08318520472226432 0.06695437622353531
0 0.549461585290914 0.649003050625123 0.05813066256778647 0.0567063569862416
0 0.6262286183702054 0.6165204220393349 0.04716589149054791 0.0516369110699257
0 0.4549212449318344 0.6472644466341062 0.026817030054229286 0.04467758293962447