0 0.5423053939185815 0.4066672563347131 0.34592054549015805 0.42512699828414036
0 0.37752807216417855 0.5976512721698308 0.1836987196019259 0.22535901583511767
0 0.8885209985522579 0.23984685154493982 0.22295800289548423 0.31601275956691144
0 0.23666536186787757 0.2943026148062679 0.15717045285270287 0.1918190901291547
0 0.21414831472058043 0.4827118969387215 0.12475605913900915 0.1659098079967011
0 0.0908884431327932 0.42293138314866796 0.09888276385373888 0.14643238229073816
0 0.11419547228801304 0.6545989202956866 0.08678087014004517 0.1211141335443795
0 0.2230116226212445 0.15231970328607 0.09815501778268025 0.13080738229073816
0 0.1534097520669146 0.186419570137402 0.06181510339082217 0.08761967194503924
0 0.1895955010334573 0.08992500336521228 0.0648330955329393 0.11891513605166189
0 0.1483306079389361 0.3125190688837608 0.09561221463952715 0.1432164540774928
0 0.05076867307380132 0.6533152166139051 0.04535534946188073 0.10274456677218975
0 0.04696296877335637 0.5212157704539712 0.0492423287837163 0.08569345909205772
0 0.028373480560180648 0.4748181435735093 0.015847631926869443 0.07223871285298138
0 0.18755565798171736 0.015741008775488625 0.06886131596343473 0.03148201755097725
0 0.44431327356913936 0.8390060463847255 0.2027398180303493 0.23215458511458992
0 0.5723483823366451 0.850144471694977 0.18595473242220742 0.27379651583511766
0 0.7110470093011158 0.8382856662055584 0.19314649420903188 0.22719430047485362