0 0.5630781368151656 0.8174820468833387 0.365798758584207 0.31327191011329314
0 0.15596611534514335 0.579443466388172 0.17306583703942993 0.211690869581383
0 0.5187251905789124 0.5201414732710733 0.18498405405833437 0.11220020555093821
0 0.6330836481298472 0.33036936604697986 0.2896351926220159 0.11021589429596243
0 0.6934166392510526 0.4317926031953986 0.12386474687674198 0.07846719269935694
0 0.8026325579671593 0.4546796634617912 0.06132838544042372 0.06967051285158128
0 0.837079759958949 0.5751221560474173 0.08163179508134384 0.06893568380210838
0 0.7538672841594459 0.6472465068457202 0.09742951190385671 0.09925985376405233
0 0.7954457301011115 0.7502149979484716 0.056531801131468204 0.05072951186299814
0 0.3405143530485032 0.4079000943353311 0.09405907220870705 0.0569450197716634
0 0.3862030611886131 0.6098963344494994 0.05040906615858276 0.07234984387822045
0 0.3965103438751211 0.3150149159704302 0.17228406615858277 0.0773158695813831
0 0.4749625968019872 0.2555815661607106 0.18168633723582167 0.08238537155854946