0 0.678125 0.715625 0.6390625 0.56875
0 0.33671875 0.38125 0.1859375 0.075
0 0.2125 0.528125 0.178125 0.1046875
0 0.809375 0.271875 0.190625 0.1078125
0 0.4703125 0.115625 0.1625 0.1
0 0.1421875 0.27265625 0.1171875 0.0546875
0 0.2828125 0.29921875 0.084375 0.0484375
0 0.67578125 0.09140625 0.0828125 0.0296875
0 0.6734375 0.14609375 0.075 0.0359375
0 0.6046875 0.0609375 0.0890625 0.0359375
0 0.7515625 0.04921875 0.109375 0.04375
0 0.85390625 0.1921875 0.05625 0.0640625
0 0.47265625 0.203125 0.1875 0.06875
0 0.1078125 0.16875 0.1765625 0.090625
0 0.52734375 0.0234375 0.0671875 0.0328125
0 0.67890625 0.01953125 0.0734375 0.0203125
0 0.80859375 0.009375 0.0671875 0.01875
0 0.0296875 0.65859375 0.0578125 0.1765625
0 0.13828125 0.33671875 0.06875 0.0375