0 0.21450468389249946 0.6080885200589918 0.07194904160312507 0.07358735731976367
0 0.10643826396461756 0.590490105252849 0.10428876291777782 0.05480312406898662
0 0.06155956221725635 0.7080800196447071 0.08724673328250006 0.060252603390822126
0 0.23906435353604097 0.8270183025239806 0.11799019984750014 0.17406254631872747
0 0.4859945581331938 0.7796188019048081 0.10051175911805572 0.16076202564056316
0 0.4968632422131245 0.5808902034763846 0.06279224715020834 0.0825257096771285
0 0.47426285002065927 0.5124869598865255 0.05268989532659738 0.05083906203449331
0 0.5512429241088537 0.5245096168347855 0.029397865691319504 0.05599744292790554
0 0.5876148755718745 0.6047578889606919 0.04197060087368065 0.05970463978475245
0 0.6601970839687494 0.6716135951231637 0.0725309230620141 0.09858735731976367
0 0.6531982822976381 0.8717227570338224 0.12852765634451407 0.15738446856846836
0 0.7583975414156938 0.7107424075719418 0.06606271751493047 0.08892125889134021
0 0.7174471927262147 0.6260249592673529 0.06090243882958326 0.06839043507002263