0 0.8125 0.6109375 0.2546875 0.1828125
0 0.659375 0.7 0.153125 0.128125
0 0.67421875 0.81875 0.1171875 0.0828125
0 0.575 0.5734375 0.19375 0.140625
0 0.7140625 0.471875 0.275 0.1875
0 0.32578125 0.3890625 0.1953125 0.1703125
0 0.16875 0.3015625 0.121875 0.115625
0 0.39453125 0.52734375 0.10625 0.0875
0 0.40859375 0.58046875 0.078125 0.0625
0 0.43125 0.63984375 0.0796875 0.0609375
0 0.51953125 0.6765625 0.0953125 0.0703125
0 0.2859375 0.634375 0.0671875 0.0515625
0 0.190625 0.67578125 0.0609375 0.0421875
0 0.1359375 0.615625 0.1 0.0625
0 0.01875 0.53671875 0.0375 0.0828125
0 0.05546875 0.4296875 0.0921875 0.0734375
0 0.165625 0.4828125 0.1046875 0.084375
0 0.23515625 0.5765625 0.071875 0.0546875
0 0.49609375 0.2578125 0.1390625 0.1296875
0 0.3609375 0.09609375 0.44375 0.1921875
0 0.50234375 0.4640625 0.109375 0.1
0 0.7359375 0.878125 0.0609375 0.0421875
0 0.4546875 0.77421875 0.05625 0.034375