0 0.8667882425831342 0.5177065494811481 0.26642351483373156 0.26267375858420705
0 0.6739778288075693 0.5197649949318345 0.17885780788560607 0.18220448770335979
0 0.5276926312331637 0.5565706242239379 0.09378143515657004 0.13485678903121964
0 0.43628638123316366 0.5571024102300955 0.057620794549686494 0.11278180113146821
0 0.6242163001788763 0.7240575851927182 0.1089282030344176 0.10995678298109546
0 0.6982590623068478 0.9033996515476928 0.13411939273291545 0.1507090480082102
0 0.5653666850358838 0.9510700579671593 0.11065019970043757 0.09278746369925486
0 0.47510912048231796 0.7358677596643615 0.07745506242753404 0.08790906615858277
0 0.40012535381241854 0.6503256902843249 0.05953398091420468 0.1362193011314682
0 0.3341019989612299 0.57880066910889 0.03332242515463033 0.08296703610435366
0 0.3697686898676758 0.5082472745932802 0.04467451333591956 0.06897725897699036
0 0.5127538021357302 0.38313766940347777 0.1110647878817268 0.07873405405833438
0 0.42214464865196916 0.41258479576871504 0.07107751666989941 0.08631020472226432
0 0.7099957218303489 0.31946046790266724 0.2556437063683973 0.1279896863754999