0 0.57890625 0.48125 0.409375 0.3109375
0 0.384375 0.6453125 0.2171875 0.165625
0 0.75546875 0.1171875 0.3015625 0.234375
0 0.684375 0.7875 0.1859375 0.1421875
0 0.4953125 0.80859375 0.159375 0.109375
0 0.553125 0.93203125 0.14375 0.0859375
0 0.32109375 0.9078125 0.11875 0.0765625
0 0.82578125 0.8015625 0.1265625 0.0875
0 0.790625 0.87109375 0.084375 0.0546875
0 0.8875 0.83515625 0.1171875 0.053125
0 0.6640625 0.87578125 0.140625 0.084375
0 0.31953125 0.9765625 0.1015625 0.046875
0 0.45078125 0.9765625 0.0828125 0.046875
0 0.496875 0.99453125 0.071875 0.0109375
0 0.9734375 0.83828125 0.053125 0.0640625
0 0.14453125 0.5765625 0.2234375 0.184375
0 0.13515625 0.44921875 0.2703125 0.1625
0 0.1515625 0.31015625 0.2171875 0.175