0 0.440625 0.778125 0.7109375 0.44375
0 0.6453125 0.309375 0.1578125 0.1015625
0 0.75 0.48046875 0.4296875 0.1984375
0 0.76484375 0.14296875 0.1 0.1296875
0 0.290625 0.4796875 0.203125 0.11875
0 0.1640625 0.38125 0.13125 0.1
0 0.07578125 0.315625 0.0984375 0.0890625
0 0.40625 0.19375 0.05625 0.075
0 0.48515625 0.09765625 0.0859375 0.0609375
0 0.4625 0.4703125 0.1015625 0.0828125
0 0.43515625 0.328125 0.09375 0.0375
0 0.36796875 0.39296875 0.0734375 0.05
0 0.30078125 0.1828125 0.0609375 0.0609375
0 0.590625 0.18203125 0.1046875 0.0484375
0 0.6234375 0.103125 0.11875 0.05