0 0.592387900838398 0.7300407849689405 0.09151247060135788 0.0791084899708702
0 0.6006740343754832 0.8257397298752333 0.11142217887824372 0.042244987463587694
0 0.38981509950434556 0.8031730934278599 0.14579053482570908 0.07288723370266403
0 0.3107340298529274 0.9385817445232167 0.13492827792830414 0.10377352084968265
0 0.4110040247645447 0.8616902870805117 0.08666784034363317 0.04620506175762458
0 0.7367819527382774 0.8563030712580293 0.13468926051544958 0.06944398495630537
0 0.7304710770031083 0.7677035725116704 0.09225609905006031 0.0635289540774929
0 0.7696397976044662 0.6921640149106808 0.09044793758467104 0.05879598997087019
0 0.6816827741987178 0.6684788108331879 0.06668288896415202 0.051864028371529966
0 0.9262704986452629 0.9283241384259302 0.05820200361804453 0.09842077962517096
0 0.8892319233396352 0.7840596613871839 0.1512769742194024 0.17757473370266402
0 0.7381208819552054 0.5918768584050478 0.07449538896415202 0.052091348904643196
0 0.7799055902320914 0.630649853390483 0.0829696302577247 0.0351766335443795
0 0.4656140388980389 0.7005314782258807 0.0957905348257091 0.07143238229073816
0 0.3271313930364819 0.7152806368430846 0.12350609905006031 0.06443823620994635
0 0.10038410730626168 0.801793483702664 0.12193695499752559 0.09403480799670091
0 0.029865725916883114 0.8865118130112661 0.05973145183376623 0.05494356426490725
0 0.06219022501237196 0.9537387654394063 0.12438045002474392 0.09252246912118736
0 0.17913762833716082 0.6726348326073073 0.10376680913596856 0.07478470282385156
0 0.2196641310506943 0.6010469891129404 0.05936835594746528 0.031369671945039104
0 0.31243148518913727 0.6225248355103012 0.06339411465389251 0.04864810015828454
0 0.3344193498430298 0.5762181368430846 0.06767217887824381 0.04097199247815268
0 0.3376948360482199 0.5137181368430846 0.074167840343633 0.0458413489046432
0 0.23869409204111372 0.5663908442857898 0.04514208163720577 0.027835494985435007
0 0.46598693238474675 0.5291876756394559 0.07301477611928178 0.05360838479802066
0 0.5337885860482199 0.5194238822242312 0.05221095318850324 0.04364235141192587
0 0.5518901328597166 0.562202415610326 0.0930816146538925 0.04951191818411545
0 0.5769000989385187 0.607529287476223 0.0765558559474652 0.03186977711788863
0 0.6942757066950062 0.5327004352063673 0.0735946302577247 0.034903848904643195
0 0.680042788332212 0.5056832941401405 0.057887743102595125 0.032886707838416386
0 0.6519830653560049 0.4289700299543755 0.05254514586155708 0.02025031551854859
0 0.6365318057450666 0.4699898350480828 0.03897396879233561 0.029216138558944317
0 0.5547019516066236 0.4488302373970807 0.05204717887824373 0.040517351411925875
0 0.49817199061620415 0.48239524366528685 0.051392081637205676 0.02801735141192587
0 0.5033873558359236 0.6366879385715796 0.06487472749876275 0.04713106426490725
0 0.4152665581199158 0.6161277344940868 0.08929487336031983 0.06656302586424748
0 0.36614074061620416 0.4785535266556703 0.06849769448207602 0.026954956584775404
0 0.2720322144969224 0.5274563764182434 0.04415279172311397 0.03872753087881246
0 0.3301147094085397 0.449337388096726 0.04374335594746528 0.03091503087881229
0 0.404654363976524 0.41551396905468063 0.0548446302577247 0.03435827962517113
0 0.1938729149718922 0.555697385193732 0.03642217887824382 0.04006271034569906
0 0.8674642232033495 0.5275679689881736 0.0635578889641522 0.051773100158284534
0 0.8089423942796774 0.4797011188298891 0.0666828889641522 0.051864028371529966
0 0.7625520731579212 0.43922923152458593 0.04579717887824373 0.040335494985435004
0 0.5534946556996381 0.38228759507721266 0.042344630257724704 0.03399456677218975
0 0.5023958231579211 0.4316594577719096 0.04415279172311397 0.03872753087881229
0 0.22563641282418567 0.830476076339101 0.08427318068726616 0.08981866943775678