0 0.52890625 0.79453125 0.0875 0.0875
0 0.47421875 0.890625 0.0796875 0.1140625
0 0.57109375 0.95859375 0.0796875 0.0828125
0 0.74765625 0.834375 0.1953125 0.1609375
0 0.78984375 0.5890625 0.178125 0.140625
0 0.603125 0.521875 0.09375 0.08125
0 0.5296875 0.5234375 0.0609375 0.0640625
0 0.56796875 0.4546875 0.0609375 0.04375
0 0.6578125 0.44375 0.065625 0.05625
0 0.74765625 0.39453125 0.1125 0.0984375
0 0.92265625 0.4578125 0.1546875 0.165625
0 0.8203125 0.3140625 0.1 0.0875
0 0.72421875 0.328125 0.08125 0.0765625