0 0.4697121999230312 0.7930604865267601 0.06704365626060227 0.0455977651468471
0 0.45682281952314463 0.7584011439952929 0.08126984736759475 0.051350857678314196
0 0.46245774983036403 0.686762942335619 0.07749008293962448 0.03236405933798814
0 0.5010142744251352 0.8612310686852652 0.04758432813030104 0.023864475104890915
0 0.5176734955691946 0.9000926591421399 0.08439484736759476 0.05158765601864026
0 0.6408406662577673 0.8498935948297742 0.040044646641955416 0.031084979254075763
0 0.6994319270575404 0.9216986624661322 0.05325397477225664 0.05234467261537965
0 0.539526192118483 0.7678013000139332 0.06569941106992552 0.05172936597668389
0 0.5554264998303641 0.6938076929603189 0.027271828130301046 0.02232528589277134
0 0.7197295580903992 0.8339385533379253 0.059831356986241604 0.062193269296032125
0 0.7500966151693081 0.8840219863262675 0.04947421034428619 0.03335787427505395
0 0.8079711133552095 0.9314899047924623 0.0732936562606021 0.0460713618274994
0 0.5561977930294567 0.9633272875663785 0.040699411069925515 0.04983497925407576
0 0.5818897629923899 0.9229749747039054 0.03228671034428636 0.03205548340326061
0 0.5878421518297969 0.864677222629313 0.03363095553496294 0.02592388257342364
0 0.4786134847694215 0.8297675811328198 0.12038691106992569 0.055873336932389606
0 0.6200668639881817 0.7942705568624104 0.09146330290255769 0.07549875269929238