0 0.7578125 0.7171875 0.3046875 0.3140625
0 0.59453125 0.4296875 0.1546875 0.134375
0 0.4546875 0.41796875 0.096875 0.0484375
0 0.54765625 0.8578125 0.1875 0.284375
0 0.2296875 0.6421875 0.153125 0.1046875
0 0.040625 0.6265625 0.08125 0.078125
0 0.18125 0.3546875 0.0875 0.0609375
0 0.2703125 0.36953125 0.0515625 0.0484375
0 0.37890625 0.375 0.053125 0.0375
0 0.3359375 0.48203125 0.0703125 0.06875
0 0.28359375 0.26328125 0.09375 0.0453125
0 0.3609375 0.21953125 0.0796875 0.0421875
0 0.48515625 0.3515625 0.0703125 0.1
0 0.55078125 0.30390625 0.05 0.0359375
0 0.5875 0.27578125 0.05625 0.0328125
0 0.5765625 0.24609375 0.065625 0.028125
0 0.88984375 0.94140625 0.14375 0.1046875
0 0.04609375 0.78203125 0.0875 0.109375
0 0.09921875 0.440625 0.096875 0.09375