0 0.16365183226178534 0.7359449363338422 0.18171752076433875 0.31747860885972196
0 0.5557810211878618 0.19153657427009152 0.23218795762427646 0.30323974307277735
0 0.34274488196531927 0.43830639312004555 0.21631930489461854 0.4044509285581476
0 0.4022681552899067 0.06346221800226774 0.09858868942018653 0.06458876324231463
0 0.26591342633659415 0.04525087728583282 0.08379814732681172 0.050858453911481326
0 0.2391549633094714 0.18111046484472174 0.11292274715740254 0.2306238663525924
0 0.12839249758092558 0.23580894382671272 0.09024411035393447 0.1882217528747221
0 0.23656277139962323 0.3873994210652773 0.10529225768074628 0.23306536116879606
0 0.10693066637794776 0.631258144863472 0.18136745222143036 0.44492010367592555
0 0.1892602350620305 0.9164328101793051 0.0852234104104042 0.12871005183796277
0 0.055895142276901434 0.47833890494824055 0.11179028455380287 0.22906136635259244