0 0.7113225661728316 0.4903278878340286 0.11029114474715093 0.12335859514371954
0 0.7298798593911874 0.661429998021443 0.17039389081820958 0.14071123119538154
0 0.5604876964470713 0.7638827112701359 0.09132282092583352 0.1181255258642473
0 0.4266370812694249 0.8067869282797524 0.08895980024766903 0.10089256175762458
0 0.26255100248570856 0.8958219992085772 0.13503858767505647 0.15216555674305993
0 0.5701816817647629 0.6060020151102018 0.06631851282028159 0.05030152837152997
0 0.15287640364300037 0.7546778251519669 0.07416955417661045 0.08485838479802066
0 0.05719787655469516 0.7988119215493278 0.05091183664159915 0.054534387305303154
0 0.5562690390845264 0.5361896202830513 0.06348461124870504 0.05646060015828454
0 0.9279599485139858 0.5628236988002305 0.09561221463952733 0.14321645407749273
0 0.12183180314766236 0.9521893226446846 0.0848887303552929 0.08048913354437914
0 0.9158068207209457 0.2542215886128161 0.06552230024766885 0.10021060015828454
0 0.8335187055432993 0.2956254901038841 0.0736258986760923 0.10668792069139794
0 0.4946209096388564 0.5699712383880244 0.02747433664159917 0.053852425705962936
0 0.42129041749673923 0.6033125872926679 0.1263913337461151 0.16751777210332364
0 0.03433191894448132 0.6699655075218474 0.05124147642635144 0.09511392319868044