0 0.19375 0.69453125 0.3875 0.5796875
0 0.47265625 0.5484375 0.090625 0.165625
0 0.41640625 0.46796875 0.0734375 0.1796875
0 0.50625 0.32421875 0.0578125 0.1078125
0 0.63828125 0.4109375 0.053125 0.11875
0 0.62890625 0.2703125 0.09375 0.1390625
0 0.553125 0.446875 0.0828125 0.0859375
0 0.603125 0.3703125 0.04375 0.1
0 0.56953125 0.3421875 0.046875 0.125
0 0.6765625 0.4125 0.0453125 0.08125
0 0.7171875 0.32578125 0.040625 0.053125
0 0.7125 0.378125 0.0390625 0.046875
0 0.16796875 0.246875 0.165625 0.14375
0 0.42734375 0.296875 0.0671875 0.075
0 0.5125 0.23828125 0.0546875 0.046875