0 0.29765625 0.37578125 0.1484375 0.1546875
0 0.378125 0.08046875 0.1734375 0.1578125
0 0.4796875 0.15078125 0.078125 0.0984375
0 0.4953125 0.43984375 0.071875 0.1703125
0 0.49921875 0.6234375 0.0546875 0.1546875
0 0.44609375 0.73125 0.05 0.1421875
0 0.34296875 0.5515625 0.08125 0.1203125
0 0.4328125 0.54921875 0.0453125 0.125
0 0.40546875 0.4171875 0.059375 0.103125
0 0.14921875 0.60625 0.1265625 0.11875
0 0.56171875 0.25234375 0.0578125 0.0421875
0 0.58671875 0.31796875 0.0359375 0.1015625
0 0.62734375 0.28125 0.0421875 0.109375
0 0.634375 0.3765625 0.0515625 0.0453125
0 0.6578125 0.409375 0.05625 0.0921875
0 0.61171875 0.51484375 0.046875 0.0484375
0 0.64609375 0.63359375 0.034375 0.046875
0 0.65859375 0.56875 0.040625 0.0421875
0 0.67265625 0.509375 0.04375 0.0578125