0 0.46875 0.35703125 0.25625 0.21875
0 0.53125 0.484375 0.165625 0.0953125
0 0.59921875 0.559375 0.1609375 0.109375
0 0.4171875 0.67734375 0.1859375 0.165625
0 0.61328125 0.69375 0.1484375 0.0890625
0 0.546875 0.79609375 0.1328125 0.0796875
0 0.72578125 0.28125 0.2515625 0.1828125
0 0.665625 0.1265625 0.2671875 0.2
0 0.83203125 0.49140625 0.2125 0.14375
0 0.7828125 0.65078125 0.1140625 0.071875
0 0.66015625 0.80078125 0.0609375 0.0515625
0 0.5796875 0.87578125 0.084375 0.0609375
0 0.4578125 0.9109375 0.103125 0.08125
0 0.34296875 0.946875 0.0796875 0.0734375
0 0.23515625 0.978125 0.1109375 0.04375
0 0.2859375 0.790625 0.1484375 0.1015625
0 0.31484375 0.5921875 0.153125 0.1125
0 0.6078125 0.93125 0.05625 0.053125
0 0.94140625 0.55703125 0.10625 0.0734375
0 0.8890625 0.6375 0.078125 0.0703125
0 0.50859375 0.9765625 0.0671875 0.046875
0 0.3921875 0.9765625 0.078125 0.046875
0 0.95390625 0.48359375 0.0921875 0.0984375