0 0.32546710572754717 0.494458706572252 0.17367823663405896 0.221559174511885
0 0.46741168202178895 0.47425707507778264 0.06075403142885669 0.15871252678536116
0 0.5613205767177648 0.4328838271063775 0.0773044945971538 0.1480750357138149
0 0.6085463742845729 0.6425139715864905 0.13410052616718496 0.1584318831160271
0 0.6926314899001793 0.4609833279171564 0.05819047355046649 0.14149775324641087
0 0.7653416768307043 0.5553157548646734 0.05259292093374803 0.12579093262955982
0 0.3441995081042693 0.2265445036501527 0.13507076294241802 0.2286898360381265
0 0.1778464660108945 0.23615350852141664 0.1497702997741211 0.23987279788867957
0 0.5785968949077374 0.18996962418427815 0.10190965244730936 0.1953318652591197
0 0.7106365792074264 0.2861196956119081 0.048466863055357655 0.10854888555165916
0 0.8090755372552259 0.4489390697994816 0.040503173635170954 0.05221706493480802
0 0.8517342031390636 0.549003299506942 0.04499325256024882 0.07570911201270877
0 0.8420190269436437 0.6755248891985166 0.06309080517696727 0.09163412094116268
0 0.8357928717949115 0.7958510259679917 0.060072220990217674 0.0666068474022122
0 0.8445469745386868 0.9140925113574951 0.058949336746998426 0.10092730032431163
0 0.6696218402248804 0.8023350308392556 0.073451452503779 0.13552048863591432
0 0.493377129616832 0.7132338003210162 0.08457096302712266 0.13883640340856668
0 0.9133087399707666 0.5391294675260053 0.043355157850155736 0.047584112012708776
0 0.6780879316688532 0.10646342329077374 0.05407982622365459 0.09772047970746053
0 0.7355294343702763 0.1809782280793122 0.05703822625188941 0.06811480032431154
0 0.922608874284573 0.6479959529155088 0.0363617052052021 0.06151024431795715
0 0.9126907588101411 0.9770411558409033 0.040412168373499216 0.04591768831819323
0 0.9391978638318165 0.7257078956913384 0.03196263154179633 0.039580697240056396
0 0.8833350007058718 0.7583607085975517 0.03699874203690499 0.07244774431795716
0 0.9238851350196782 0.8677726647660616 0.01753611049510866 0.033085235389503254
0 0.617263823733993 0.06317134496328497 0.08193181043863902 0.09352390340856667