0 0.5228411332352317 0.7443030287060931 0.05290791868236298 0.11772601087441484
0 0.7183985338956411 0.7983869867284892 0.06359088001272681 0.09629667984777565
0 0.6490496445735496 0.7127094718997415 0.055432934675363296 0.06629084486680377
0 0.7198712219128222 0.6718244867284893 0.057413605346908446 0.10229201186299815
0 0.8852251439370029 0.5003526878308031 0.12540108402290784 0.17377969269935695
0 0.9360320239099587 0.7017361157014125 0.10139996268299925 0.12438718775644109
0 0.8294542125636866 0.7927510934582911 0.05692270934118149 0.060104511862997964
0 0.7935808945735497 0.7185986690477228 0.052326116008908664 0.06772601087441502
0 0.5598764145449147 0.9201134536109528 0.05129087468172653 0.11297484387822081
0 0.43044400055700505 0.8257347594287211 0.05272610534690845 0.102101010874415
0 0.47699973253505146 0.9823017999234503 0.030251121339908947 0.03539640015309935
0 0.49165312587527854 0.9392189392764969 0.023782945337363515 0.03064250494291585
0 0.42520142254141485 0.9404193419382352 0.01924089600572696 0.04295150395433254
0 0.3723395045353697 0.9789811638018897 0.03181362133990877 0.04203767239622067
0 0.3172082038908687 0.8172126522046279 0.03493862133990877 0.04983817391627667
0 0.32760300059677594 0.5284366536875027 0.03068747334499946 0.08714717292769336
0 0.3725706026018666 0.4927511630790427 0.033594297342454116 0.06852450692008212
0 0.5057012759389119 0.47081910775556607 0.05592383068109026 0.10847834486680377
0 0.5177574752944109 0.3079516932308296 0.031722714672181594 0.04189833992388783
0 0.5167222339672287 0.26257552623463515 0.03319430800445424 0.03414950692008221
0 0.5829755846594549 0.07690462307860522 0.06520792401336309 0.10104784684397006
0 0.5763966786282746 0.3064329555881192 0.038172709341181485 0.05934050790866543
0 0.42551214723904973 0.7121988414439436 0.04925566000954511 0.07228617688202607
0 0.27531105788514165 0.8577129768054764 0.025472714672181596 0.04164367193911005
0 0.2604769458943685 0.7891075568435325 0.02549089600572705 0.04320617193911023
0 0.349320722549369 0.87870590912471 0.047347714672181594 0.0425350098858317
0 0.5156057239815464 0.1570112757403436 0.08079656134627218 0.09855951680591399
0 0.7901875533100011 0.2041541670705565 0.06526246801399935 0.10573534684397004