0 0.4556547471639215 0.6672687955884566 0.4265660486994586 0.3031873545613246
0 0.7234009492719465 0.30059238118467196 0.5458887930174157 0.3456933321415493
0 0.3343929963498473 0.32922627483567124 0.1896273360381265 0.1371804909161442
0 0.10143444602553575 0.4012918198443998 0.17227619480442447 0.12640248758216438
0 0.043901297079548325 0.5192284899980603 0.08780259415909665 0.10414510818516867
0 0.033948711446811254 0.6335301060591366 0.06789742289362251 0.1079397878817268
0 0.0826672605566021 0.6719709816631105 0.06498980032431156 0.058354376063016036
0 0.34688290827983065 0.06061979604749862 0.11073867694751698 0.08705320303441748
0 0.48650846996822794 0.06170445073920772 0.09966480925276536 0.07834788273097573
0 0.29252487053742077 0.22498505604943828 0.13269549756436802 0.09352634364130097
0 0.43661578977430004 0.193719596347061 0.08045115909060954 0.0502548336393613
0 0.25943213230854356 0.4671884025656771 0.09448638555165925 0.049840245458072016