0 0.48828125 0.64609375 0.21875 0.1609375
0 0.465625 0.50546875 0.1578125 0.0515625
0 0.42265625 0.4140625 0.146875 0.06875
0 0.63125 0.3546875 0.15625 0.125
0 0.4484375 0.28125 0.140625 0.05
0 0.54140625 0.203125 0.125 0.0453125
0 0.2203125 0.64296875 0.2265625 0.121875
0 0.2328125 0.80859375 0.2375 0.1359375
0 0.1796875 0.4109375 0.19375 0.090625
0 0.2734375 0.2734375 0.1078125 0.0421875
0 0.434375 0.165625 0.0515625 0.0375
0 0.53359375 0.1171875 0.075 0.040625
0 0.66015625 0.11953125 0.090625 0.0578125
0 0.78046875 0.11875 0.065625 0.05625
0 0.8984375 0.103125 0.1 0.053125
0 0.78984375 0.284375 0.134375 0.065625
0 0.70390625 0.465625 0.1375 0.0765625
0 0.52265625 0.05625 0.046875 0.040625
0 0.09453125 0.31640625 0.096875 0.0484375
0 0.16796875 0.2546875 0.0671875 0.053125
0 0.63125 0.040625 0.0609375 0.0328125
0 0.9625 0.03125 0.05 0.0375
0 0.70859375 0.01953125 0.0390625 0.0296875
0 0.7421875 0.0734375 0.071875 0.0328125
0 0.85078125 0.0265625 0.0328125 0.015625
0 0.05234375 0.3796875 0.0921875 0.0765625