0 0.78828125 0.80078125 0.1953125 0.15625
0 0.81484375 0.62890625 0.1859375 0.1578125
0 0.18203125 0.85546875 0.1546875 0.1125
0 0.384375 0.80703125 0.1203125 0.115625
0 0.18359375 0.96875 0.0671875 0.0625
0 0.05546875 0.7234375 0.06875 0.0828125
0 0.36796875 0.67265625 0.2625 0.175
0 0.56171875 0.5671875 0.0515625 0.065625
0 0.65625 0.5328125 0.053125 0.046875
0 0.625 0.63984375 0.1015625 0.0890625
0 0.72734375 0.9484375 0.1421875 0.0796875
0 0.61015625 0.44765625 0.11875 0.0921875
0 0.4015625 0.56875 0.053125 0.0453125
0 0.6171875 0.78671875 0.053125 0.071875