0 0.41875 0.49765625 0.3640625 0.2265625
0 0.64921875 0.38984375 0.19375 0.11875
0 0.146875 0.83203125 0.2484375 0.2390625
0 0.39609375 0.17421875 0.1640625 0.103125
0 0.584375 0.203125 0.1453125 0.0765625
0 0.5609375 0.06875 0.134375 0.0546875
0 0.778125 0.15234375 0.109375 0.05
0 0.26328125 0.12421875 0.115625 0.0609375
0 0.315625 0.06640625 0.078125 0.0359375
0 0.2125 0.07578125 0.115625 0.0265625
0 0.4390625 0.09453125 0.13125 0.0515625
0 0.80078125 0.07578125 0.0921875 0.046875
0 0.67109375 0.04765625 0.0765625 0.0359375
0 0.63359375 0.0109375 0.06875 0.0203125
0 0.10703125 0.04375 0.0953125 0.040625
0 0.86328125 0.51796875 0.1953125 0.1390625
0 0.8390625 0.64375 0.253125 0.0984375
0 0.7875 0.7734375 0.190625 0.1296875