0 0.6050782477016929 0.6851800603773542 0.2295961020792369 0.19441789578060842
0 0.6149081466713634 0.40025925082406033 0.25940200124939994 0.19736311331561965
0 0.4605138767506315 0.5443816242738744 0.10589664772027056 0.10302230024766904
0 0.4033544174172877 0.42960634077542836 0.09635662697434615 0.14150260339082213
0 0.4877321852634271 0.2783028600058507 0.10494945435896633 0.09052230024766902
0 0.31718992924014244 0.5424102477236884 0.07706125269929238 0.09233735731976367
0 0.32764033193479036 0.6424659057054057 0.09294636182749905 0.07595037799792799
0 0.1658176060047071 0.4914555616202085 0.05518625269929238 0.09131851282028158
0 0.20842134833103726 0.3844628529765374 0.06333063942190079 0.11660961124870503
0 0.26296713837299357 0.36818718961813657 0.030966580083912554 0.038809942927905364
0 0.27820289729606323 0.2912800872607717 0.051966164317010045 0.06937073821317571
0 0.32096981513755823 0.32698430086684155 0.05932837842423862 0.0432448858558109
0 0.19695289729606325 0.28749580769126715 0.0744564709557058 0.05796235731976358
0 0.13231986700236922 0.4161986964425621 0.06240675684847723 0.0838698858558109
0 0.07857679251753405 0.556384894747151 0.05833456348717305 0.07122433664159918
0 0.07475489812125584 0.4723181098009629 0.04330155933798818 0.07830909057054072
0 0.0787096149277768 0.40978172249740996 0.04623638257342351 0.03485018899896399
0 0.02053118463872717 0.34983948821317573 0.039607874275053745 0.050111315963434676
0 0.04617684438234505 0.6528767510334573 0.042259277594401644 0.044006865177646404
0 0.8915046902378044 0.4954627047102205 0.16311899710021507 0.2006635876750565
0 0.37587507716090557 0.7301692669541108 0.12694285352912935 0.09310364474715094
0 0.031691059738973494 0.4922645827126577 0.042259277594401644 0.044006865177646404
0 0.3047393186620432 0.42736529052775935 0.07836364357108563 0.1095248573197635