0 0.45859375 0.521875 0.171875 0.19375
0 0.62109375 0.175 0.4359375 0.35
0 0.74765625 0.6421875 0.3328125 0.2265625
0 0.66171875 0.7671875 0.3828125 0.2875
0 0.21640625 0.57578125 0.28125 0.215625
0 0.88046875 0.47890625 0.2390625 0.2515625
0 0.25078125 0.7734375 0.2875 0.1640625
0 0.91015625 0.696875 0.128125 0.165625
0 0.371875 0.3953125 0.26875 0.3046875
0 0.121875 0.1875 0.165625 0.271875
0 0.9703125 0.3765625 0.059375 0.228125
0 0.05625 0.75546875 0.1125 0.0953125
0 0.41953125 0.7015625 0.1953125 0.240625
0 0.17265625 0.8171875 0.10625 0.0828125