0 0.34947927132903606 0.31624662093867684 0.09517526308359248 0.0844621173323806
0 0.34018684229101886 0.2198961448238904 0.11174113680346806 0.04827324505632147
0 0.5511775501976441 0.24720096204005548 0.14784523677523326 0.08036447921687966
0 0.6287627658556028 0.11378181068300268 0.13716534200867017 0.11074039406758573
0 0.5294992422486666 0.18842154174146772 0.08701415258848363 0.051212574757733706
0 0.20409742384693255 0.1860624581816577 0.13681673151356133 0.07803715471124746
0 0.21145562656247305 0.27521779333095153 0.09426521046687393 0.0688371173323807
0 0.17340261874055246 0.3494311894922243 0.09086719468185844 0.06393109604505716
0 0.2605008003388184 0.37591691585911235 0.06697466837349922 0.05447968639013112
0 0.02170840002823487 0.11023265965492604 0.04341680005646974 0.10171531930985207
0 0.06479897639306384 0.2548620986429472 0.12959795278612768 0.1847241972858944
0 0.20512378462439002 0.4512721949401059 0.07487817363517105 0.05658848960843983
0 0.16351240827367847 0.4114941469175773 0.08481461575678066 0.04016581411407198
0 0.47702044240395836 0.34869812404077 0.09619173151356133 0.07519637797604233
0 0.6149677634365283 0.3371646803611718 0.12395271046687384 0.07091306956195362
0 0.8409225896601831 0.25569543111747645 0.12411931043863902 0.1004913089182919
0 0.9132063843138066 0.17289363879493105 0.06559417889684269 0.057495425746469396
0 0.8833893526731881 0.10570078495620376 0.1363462946536238 0.09667789406758573
0 0.7637013950489118 0.38286458247452926 0.1042772472985769 0.08043018119435104
0 0.7242678977503347 0.45384371799214024 0.06110409997176518 0.03383940445914604
0 0.6314734529978893 0.4308818293724361 0.06366765785015538 0.051136165102807676
0 0.6099932951477338 0.4764457016484952 0.06799113680346806 0.04521394703379293
0 0.6063530846808598 0.5389457016484952 0.07607665258848365 0.050447750252101645
0 0.7050327793627181 0.48779810091186115 0.04685958944842135 0.029731058666190434
0 0.4787741162508909 0.520611328868233 0.07340667889684287 0.058041728964778015
0 0.41085857415751603 0.5284131211907784 0.0540196420651398 0.04579310124083733
0 0.3921764635918201 0.485531852501345 0.09500866311182729 0.05488387797604233
0 0.3666451135494678 0.4390339109154337 0.07682010523343692 0.03649451089576328
0 0.25028509520420344 0.5109092748936197 0.07534861049510884 0.03794775025210147
0 0.26436300575578203 0.5385643813302371 0.05816111049510884 0.03674588317182241
0 0.2935430005646974 0.6166947351689643 0.052745568401734035 0.02391810124083733
0 0.3092813926298373 0.5754359506400892 0.03922909997176518 0.03230975544788173
0 0.39026608212061104 0.5991408844323302 0.05227513154179615 0.04255884059717552
0 0.44704670313906353 0.567027506960491 0.051638094710093264 0.031621340597175515
0 0.4396044714137407 0.4119740202020427 0.06670165258848364 0.049792186390131124
0 0.5277114161661862 0.4346081268907616 0.09132222099021767 0.07174359604505706
0 0.5792599636624072 0.5731350313499075 0.06873458944842134 0.03126070767745457
0 0.6721523899284142 0.5270737683604573 0.044462631541796326 0.04201253737886681
0 0.6151673715831498 0.6031010367977891 0.04391659997176518 0.03263753737886681
0 0.5418894953030255 0.6356296775111803 0.055127115756780753 0.03808986188449914
0 0.750626000423523 0.4996150398998823 0.038212631541796147 0.04157549480421992
0 0.07685530047999276 0.5121172237689979 0.06541216837349917 0.05437042574646931
0 0.13593489789150914 0.5617455191936365 0.06706567363517105 0.05604218639013112
0 0.18292401898054883 0.6034684794689811 0.04602513154179624 0.04212179802252862
0 0.39269386113039334 0.6652029270069771 0.042627115756780756 0.037215776735205
0 0.4433532847655643 0.6169728766386601 0.044462631541796326 0.04201253737886681
0 0.7156796659544248 0.22418906898087593 0.08634629465362362 0.09318155347041017