0 0.7156864153663474 0.31568439741708315 0.5686271692673053 0.6313687948341663
0 0.41601109735257963 0.6544075577519441 0.08474457146044045 0.18768314437666672
0 0.569396126185395 0.7752077541809717 0.11402263568479185 0.18056162860909736
0 0.2818652329258297 0.18429703913458312 0.11780273292582973 0.19313436379145843
0 0.1433847455889859 0.5269962982526388 0.1085162641334942 0.16482752583555574
0 0.31761229816623376 0.8514663553389928 0.06082903663473136 0.11846036569131968
0 0.33680495420455614 0.7102231062889233 0.05285940637700666 0.08550239532659738
0 0.1083978346894235 0.3220912459159374 0.034027519221876856 0.08350348423243056
0 0.16320816542211816 0.3231621302246179 0.03986808344622812 0.07583645459715278
0 0.08165495024782723 0.39389416394395826 0.040605067842395835 0.08989895459715277
0 0.062238807665630544 0.24729192087781246 0.049482100859082626 0.11039329255305556
0 0.19984394900463182 0.1416205362847915 0.06701043758467104 0.057741071238402865
0 0.23076191485629124 0.5226159631465276 0.07857645861557021 0.1891001740119446
0 0.2155075655790883 0.8882598001524998 0.09987824852966191 0.17867182028847245
0 0.04820836442674994 0.47211073613229165 0.03633364767057934 0.06795121941479162
0 0.03635906037916401 0.32063915511024305 0.024161196291098343 0.0739102786853472
0 0.019406176503394604 0.19118804445291665 0.022271147670579333 0.06762391109416668
0 0.709445673335576 0.9549835603173953 0.1795923247398008 0.06192203780340293
0 0.3818795160540581 0.8538815341005901 0.041103034825709095 0.06962282218833309