0 0.459375 0.48671875 0.10625 0.2578125
0 0.82421875 0.3515625 0.134375 0.4046875
0 0.7328125 0.371875 0.05 0.0921875
0 0.728125 0.60234375 0.0953125 0.1484375
0 0.63125 0.83359375 0.1125 0.253125
0 0.4765625 0.8015625 0.134375 0.2828125
0 0.35078125 0.759375 0.1 0.1359375
0 0.96640625 0.85078125 0.0671875 0.284375
0 0.94609375 0.1078125 0.1078125 0.1921875
0 0.6859375 0.27578125 0.028125 0.0640625
0 0.3328125 0.93203125 0.1484375 0.1359375
0 0.79765625 0.878125 0.075 0.075
0 0.815625 0.68125 0.0421875 0.065625
0 0.79375 0.96640625 0.1546875 0.0671875
0 0.09140625 0.1203125 0.0390625 0.046875
0 0.08984375 0.8 0.1171875 0.1
0 0.20625 0.9109375 0.04375 0.0984375
0 0.09140625 0.36875 0.0484375 0.0703125