0 0.12109371688289021 0.5774237962671218 0.24218743376578042 0.17952740746575646
0 0.40790416988596434 0.7057264797107559 0.15307541469812272 0.13540348620028234
0 0.6491417834956279 0.5945496517903042 0.1650099303072194 0.07471144805083547
0 0.7912523832254755 0.7060620758984474 0.15225695916315996 0.11196598620028234
0 0.8869170912075092 0.515444984178278 0.13625001324684405 0.1007557508107789
0 0.4095138322218343 0.41368898417498273 0.17460318511654283 0.08112508928453739
0 0.09144587850097005 0.39972153612085204 0.09264385698624167 0.059394365259119654
0 0.08041909846390316 0.35775222443245475 0.07787202885594055 0.038836403408566686
0 0.38791413993371543 0.3391117240287129 0.1110119110699257 0.04878414772652384
0 0.5206348706964217 0.3617798364484589 0.05728671034428636 0.03066934740221221
0 0.4522494584453698 0.330181008931749 0.06822421034428636 0.030860262174864594
0 0.7309721699707824 0.375285408690163 0.07647321996293321 0.04349662986961631
0 0.19441216579443107 0.2683158031669806 0.08288691106992566 0.04829322402541773
0 0.27599698249198684 0.3020265556026126 0.06224702885594056 0.03856366801906326
0 0.07642356842683627 0.3156601818187809 0.11402778366526396 0.04571369480442442
0 0.29833076244423573 0.66860040097623 0.07427580290255768 0.07000458279171565
0 0.4073015461943177 0.29817307833078405 0.07943452885594056 0.03886367694751698
0 0.5047841814035278 0.3237985953769126 0.07452877404661713 0.03253185633066593
0 0.5547668232361597 0.3010644788999769 0.050873019237293704 0.025872753246410873
0 0.6298362559056317 0.3872008019524599 0.08132441106992569 0.048265950486467354
0 0.11141118203649988 0.20808346103977415 0.07943452885594056 0.03886367694751698
0 0.23126981425048504 0.19662203531007316 0.08573909255827142 0.04053527110331832