0 0.28046875 0.546875 0.1125 0.04375
0 0.24765625 0.7453125 0.0921875 0.0578125
0 0.32578125 0.66953125 0.0609375 0.05
0 0.37421875 0.73671875 0.096875 0.0515625
0 0.56328125 0.8875 0.1609375 0.1125
0 0.36796875 0.95390625 0.1140625 0.0921875
0 0.265625 0.85546875 0.0546875 0.0546875
0 0.3359375 0.8140625 0.0640625 0.046875
0 0.109375 0.59765625 0.1078125 0.0421875
0 0.1890625 0.46171875 0.096875 0.0453125
0 0.03046875 0.52109375 0.0484375 0.0265625
0 0.08203125 0.53125 0.0296875 0.0234375
0 0.07421875 0.465625 0.040625 0.015625
0 0.02578125 0.41640625 0.046875 0.028125
0 0.184375 0.3484375 0.0453125 0.03125
0 0.4734375 0.33515625 0.084375 0.0234375
0 0.5140625 0.3765625 0.0671875 0.028125
0 0.55078125 0.50703125 0.1046875 0.046875
0 0.7140625 0.50625 0.0390625 0.028125
0 0.759375 0.5015625 0.03125 0.03125
0 0.9515625 0.55234375 0.0953125 0.0578125
0 0.721875 0.5640625 0.0546875 0.034375
0 0.3015625 0.44765625 0.0671875 0.0453125
0 0.13984375 0.31015625 0.0390625 0.021875
0 0.20625 0.28984375 0.0421875 0.0234375
0 0.12734375 0.38515625 0.0375 0.04375
0 0.8640625 0.49140625 0.0921875 0.0734375
0 0.84765625 0.76875 0.1015625 0.0578125