0 0.56484375 0.815625 0.2890625 0.3265625
0 0.5703125 0.51015625 0.196875 0.1171875
0 0.39140625 0.42578125 0.0890625 0.0578125
0 0.40234375 0.3765625 0.075 0.0421875
0 0.65390625 0.40390625 0.15 0.0703125
0 0.5453125 0.3671875 0.125 0.053125
0 0.66171875 0.33359375 0.1140625 0.0390625
0 0.46484375 0.33125 0.0515625 0.04375
0 0.5515625 0.28046875 0.0703125 0.05
0 0.61328125 0.2453125 0.0671875 0.0390625
0 0.45078125 0.25703125 0.0703125 0.0703125
0 0.3671875 0.3390625 0.103125 0.0546875
0 0.1125 0.76328125 0.1265625 0.1109375
0 0.24296875 0.5234375 0.065625 0.096875
0 0.6671875 0.109375 0.0515625 0.0390625
0 0.6140625 0.190625 0.059375 0.0375
0 0.51171875 0.1953125 0.0484375 0.021875
0 0.5265625 0.228125 0.05 0.021875
0 0.5546875 0.17578125 0.0375 0.034375
0 0.6828125 0.2421875 0.0546875 0.0375
0 0.309375 0.39296875 0.0625 0.0484375