0 0.7953125 0.5921875 0.3875 0.309375
0 0.665625 0.91484375 0.2171875 0.153125
0 0.42421875 0.7484375 0.0828125 0.065625
0 0.2984375 0.33828125 0.1015625 0.240625
0 0.39609375 0.24375 0.071875 0.134375
0 0.78125 0.18125 0.43125 0.3625
0 0.41953125 0.06640625 0.2296875 0.1328125
0 0.21484375 0.1484375 0.0984375 0.1234375
0 0.15390625 0.31640625 0.09375 0.1671875
0 0.2125 0.47734375 0.0703125 0.1109375
0 0.49140625 0.5328125 0.084375 0.0734375
0 0.48515625 0.43046875 0.0765625 0.090625
0 0.4 0.50390625 0.0703125 0.0703125
0 0.3328125 0.50859375 0.040625 0.05
0 0.2015625 0.47890625 0.0734375 0.1296875
0 0.290625 0.56484375 0.05 0.0609375
0 0.39453125 0.625 0.078125 0.0765625
0 0.48125 0.8515625 0.0765625 0.078125
0 0.4484375 0.96015625 0.0828125 0.075
0 0.28828125 0.815625 0.0578125 0.1078125