0 0.4090450954686783 0.3202109434075829 0.18007442431676957 0.14633062021691715
0 0.3840649097191633 0.5210967325369984 0.12267858656782157 0.11319086729005097
0 0.42143344574667996 0.6364808380213886 0.15656251324684387 0.0993283551898024
0 0.501487989578745 0.7820791634515494 0.20527283175849825 0.10742265632127079
0 0.41590017524344186 0.9067706121236896 0.17089783175849824 0.10722266842151917
0 0.621470618164533 0.8579280702637995 0.1479315577118811 0.07584540339440445
0 0.7652999745178024 0.9219218716898553 0.13425100362819703 0.08670109016268768
0 0.8436482408446894 0.534825871788051 0.15503970798203354 0.18992608411256368
0 0.6602851585380369 0.43981841969806534 0.12760418874473983 0.1647715480082102
0 0.6893724909295074 0.21078944985049047 0.21176093393541642 0.15901242739850954
0 0.5754141399337154 0.3426757749860637 0.07879961179556502 0.06450792759490129
0 0.3574082175158624 0.1213330818730685 0.17311509618646842 0.1259817587805987
0 0.4061582307627063 0.023956881295613866 0.0986210384745874 0.04791376259122773
0 0.5115054404740204 0.11496893150372615 0.06322917549789597 0.06597952400410509
0 0.6619518737764647 0.07894455221162265 0.17509425843752063 0.09318743949875793
0 0.5258432481859014 0.03990075381062902 0.06753472958158006 0.05506929508134395
0 0.6700519950210405 0.6522184257481894 0.08274306733052797 0.0879636083130606
0 0.563065385039574 0.6739303201656035 0.07690972958158007 0.055123837235821684
0 0.7953000871159757 0.08519857651031534 0.060902783665263985 0.04409543364502546