0 0.6296875 0.3009047005336602 0.228125 0.11710788144438115
0 0.496875 0.038064414753291725 0.1671875 0.07612882950658345
0 0.496875 0.1742851452101835 0.1875 0.19357753954332696
0 0.72890625 0.027606428574865643 0.103125 0.05521285714973129
0 0.7359375 0.08641909479244161 0.1421875 0.05579369665368965
0 0.4359375 0.4236431580617648 0.1515625 0.15461319863085593
0 0.41484375 0.32059641251038906 0.1609375 0.10187020060802236
0 0.32890625 0.1373793473010806 0.0953125 0.06325868676785787
0 0.43671875 0.7173613245636675 0.1953125 0.12045837452429886
0 0.1265625 0.5237492233082544 0.1984375 0.09871070851668762
0 0.06953125 0.3674793186693496 0.1390625 0.0603538626613009
0 0.05625 0.2789579881370019 0.1125 0.0920840237259962
0 0.25625 0.2653398626241198 0.0671875 0.05898768083635879
0 0.88515625 0.1819013966558772 0.103125 0.11670202174882985
0 0.85703125 0.34789115258737624 0.1484375 0.12479836463846716
0 0.62578125 0.7838763680241462 0.33125 0.125997403193211
0 0.740625 0.8698218438038584 0.3171875 0.14886190022746143
0 0.1078125 0.888575727262587 0.140625 0.1119800296574951
0 0.1796875 0.656740795437645 0.240625 0.10511721741393636
0 0.08203125 0.5943137326997945 0.1359375 0.09303902866891214
0 0.33828125 0.5604348453239142 0.1875 0.07795253954332697
0 0.46484375 0.6107465686321685 0.2515625 0.055562886387297006
0 0.14609375 0.7690471358558244 0.190625 0.08901737353571573
0 0.375 0.897219920913346 0.11875 0.0610886917107738
0 0.30859375 0.015346474296837465 0.1296875 0.03069294859367493
0 0.93125 0.29766228405034795 0.1375 0.5953245681006959