0 0.6731013388064897 0.4163647298752332 0.12433807178554268 0.056625736209946355
0 0.6768309126666249 0.46558347987523324 0.147397063487173 0.07288723370266403
0 0.6366500788577346 0.8097450053437694 0.29749399710021507 0.20197900329870536
0 0.4863476226246686 0.44133232297388886 0.08769017676456467 0.04620506175762475
0 0.3709388780232533 0.6157065341775176 0.08262416846619489 0.06164820533113406
0 0.7907320823822197 0.7136692903792168 0.1236043659766839 0.06751777210332381
0 0.7396413338321122 0.6155212953937818 0.14332487012586875 0.0602963054894186
0 0.0964949850768676 0.5944690655185485 0.09727866431701004 0.06986988229073816
0 0.489176624699261 0.4375170011871342 0.08695647095570588 0.05709709765100222
0 0.2516882800932013 0.4204729390337981 0.19609467261537983 0.05715458511458991
0 0.17338752656871642 0.5187536631695506 0.07159158008391256 0.03950042069139812
0 0.10706378694167859 0.4973356527447093 0.05572978174358654 0.03592077962517113
0 0.4308169051934477 0.2845905779884538 0.09730197510489073 0.04960284639736088
0 0.4928540412913561 0.21857678457322907 0.09394017676456468 0.046386918184115535