0 0.709533465162389 0.269103757192643 0.12901678879981054 0.3201881310370969
0 0.7782030721396096 0.4675807096207832 0.12263975879399176 0.16568248746358769
0 0.7197205056291897 0.5953623803121811 0.10940643515657004 0.13723923871722904
0 0.6052756262321939 0.5172494036691461 0.06651756242753386 0.08922763605166181
0 0.5741688895681134 0.5870678101747793 0.07149210485118865 0.07378449247815269
0 0.5234990809336013 0.637877803906573 0.06572033697334127 0.09855717194503928
0 0.49269600683713766 0.49076712318604515 0.06288237939699588 0.08288670783841656
0 0.47139522062240086 0.42169051425227194 0.038966647274843245 0.05725021034569906
0 0.48234908289045525 0.2968579988128658 0.04247428454774695 0.06202863855894432
0 0.4325246839486221 0.23330997585161217 0.04534419303247787 0.05899456677218975
0 0.5904166744057243 0.29684597545590075 0.05315669303247787 0.05922188730530316
0 0.6180960378817268 0.060325802257220326 0.08848815727678279 0.11013116943775673
0 0.8834972525850737 0.22253733109096868 0.17197007909743361 0.17802937476889086
0 0.9624190267564281 0.8031137296790429 0.07516194648714389 0.17317673871722902
0 0.8116203185157655 0.8002113531942925 0.151880719704317 0.19926787727617318
0 0.6501570468448963 0.6929253535900038 0.07477634364130097 0.13311402837152997
0 0.54134105880369 0.40555939740093994 0.06045901000193972 0.053199207838416564
0 0.5315363977338852 0.16073263070789254 0.05328423879011233 0.06078438730530311
0 0.39835710697722054 0.18888402593075448 0.057780291215706645 0.09676735141192579
0 0.3692757716708693 0.10123927342347201 0.06521015394280312 0.0923071719450392
0 0.6359527018264695 0.20233144583072962 0.057174513335919566 0.0702503155185485
0 0.5571721924527496 0.7434003782006101 0.04406873545613248 0.043369566772189574
0 0.6015118659403901 0.8165052575883542 0.05982128121376693 0.04538670783841638
0 0.7205329329098519 0.8067772534317192 0.05822683030538141 0.0640457796251713
0 0.6444646404861973 0.824652726709542 0.0654016015172088 0.05646060015828454