0 0.3647619706807233 0.4979355390376739 0.15162204210278443 0.13935605357097244
0 0.4689905913771451 0.1295693583762157 0.2598561827542902 0.24335518218006963
0 0.7528522146054555 0.2556104071975353 0.20830855172143128 0.15316528685347244
0 0.8503795229503088 0.4553759774860076 0.2184821598887993 0.13154485999173637
0 0.5001216396400153 0.842214828740938 0.2364682680561673 0.11010627108590292
0 0.7448736005324557 0.6753955771254173 0.16146826805616749 0.10836062670923621
0 0.3586781841050525 0.8155042455346877 0.08584821996293304 0.04415134992375016
0 0.38629226341647993 0.7568202297671183 0.06380952885594056 0.03895470364722229
0 0.47951398456053945 0.7215204690335421 0.10465278366526398 0.04615026101791671
0 0.504020422039335 0.6409069018792019 0.07200397477225647 0.05007404160312508
0 0.3314014106914075 0.9062013275066668 0.06882441106992569 0.048438806420763925
0 0.41032750805900237 0.9533140232701044 0.04711310217691818 0.05261716014423641
0 0.46594010179840006 0.9140164403481947 0.06671627404661713 0.032777438829583616
0 0.5552976906436564 0.5445235175705212 0.15242065027015245 0.11751742116215276
0 0.5344916281224519 0.46285529027194483 0.11953373920022692 0.06991506933854179