0 0.6944482256275395 0.6760125145149694 0.2307655459579186 0.1938649749271754
0 0.6691933975913631 0.39143292603516733 0.2590908050572171 0.19780832884638358
0 0.5333932048080486 0.535642264119258 0.10484579117755644 0.10286423871722902
0 0.46212137723329755 0.42127823574772805 0.09797402991878953 0.14165395407749273
0 0.5272586165928393 0.26955426286561673 0.10414488433001132 0.09192673871722894
0 0.38979339913252253 0.5338033163099712 0.07612001387966068 0.09267088479802066
0 0.4125578755352544 0.6334994394295095 0.09376858883351816 0.07602895407749273
0 0.23288326264304296 0.4824501018076372 0.055807513879660674 0.09207985141192587
0 0.26269307371723977 0.37570600831327017 0.06365958667404978 0.11726170783841657
0 0.31466658389627256 0.3592830379384414 0.030528109191583754 0.038318353919208195
0 0.32069773596345585 0.28303878668480015 0.052843200184570095 0.07015938730530316
0 0.3674318360557409 0.3187095137235466 0.05895349784053163 0.04382420783841656
0 0.23934760641380654 0.2791121531404207 0.07704216378737563 0.058386813011266005
0 0.1906271090347002 0.4071402132486929 0.06311936613141404 0.0844946719450391
0 0.1544263980527884 0.548009254156635 0.059193329734219445 0.07190374373179384
0 0.14042565237172505 0.4633842015702103 0.04396884793281677 0.07769910266556704
0 0.13642047038575222 0.40088420157021043 0.04585272054263574 0.034085494985435005
0 0.07099692704872736 0.3412758693586144 0.04050388648947965 0.04796613855894431
0 0.13407193013104632 0.6441113643440495 0.04166586829088237 0.041761602665567034
0 0.9373462129844967 0.4863124831739386 0.12530757403100665 0.20119409012915473
0 0.4711900007659671 0.7209827190546806 0.12758238433001132 0.09260870031656906
0 0.0995899012919909 0.48325042069139795 0.04166586829088237 0.041761602665567034
0 0.3636838772332974 0.4184139970304991 0.0787839389258032 0.10990384890464337