0 0.14539267397359212 0.5154693639799555 0.29078534794718425 0.2596862720400891
0 0.36268652526259415 0.516802955283275 0.16301017202418064 0.17999767735518085
0 0.5106785825907307 0.5533569785964578 0.08435791335136286 0.13377611067790857
0 0.6020666512571854 0.5538558705840492 0.04816587468172671 0.11148294000636341
0 0.4227956799013682 0.7215444519414572 0.09969201201463562 0.10895792401336309
0 0.35822300787718747 0.9003967052832749 0.1204772266868173 0.14981928134945405
0 0.4927974552037332 0.948824019931594 0.10261701734563573 0.0918067866804538
0 0.5726411385662319 0.7330802939210945 0.06974997334499947 0.08673747867599957
0 0.6431632712444586 0.6471149745783222 0.04845677601845359 0.1364829400063634
0 0.7049189312540036 0.5760934025700498 0.025963610677908554 0.08310340133672725
0 0.6659024319303214 0.5054632765754586 0.03986247867599957 0.06920453333863605
0 0.5166029606142752 0.3798740252625942 0.10557838534372692 0.0777806493475448
0 0.6084268339433663 0.4100513265834129 0.06348179201145392 0.08510225334181776
0 0.3158040766231838 0.3165944172899565 0.2467306440165447 0.12472946936663484