0 0.34765625 0.1515625 0.078125 0.0984375
0 0.1671875 0.46328125 0.225 0.1578125
0 0.20390625 0.21953125 0.053125 0.11875
0 0.02265625 0.209375 0.0421875 0.1234375
0 0.2078125 0.075 0.0796875 0.0453125
0 0.7015625 0.12109375 0.075 0.06875
0 0.6921875 0.0328125 0.0546875 0.05
0 0.3328125 0.05546875 0.0453125 0.053125
0 0.096875 0.02890625 0.10625 0.0578125
0 0.146875 0.6125 0.0640625 0.0765625
0 0.18046875 0.709375 0.0921875 0.103125
0 0.0359375 0.89375 0.071875 0.2078125
0 0.22265625 0.9546875 0.096875 0.08125
0 0.33203125 0.965625 0.115625 0.06875
0 0.328125 0.52109375 0.1703125 0.1375
0 0.29609375 0.62109375 0.053125 0.0640625
0 0.025 0.440625 0.05 0.1609375
0 0.1078125 0.29453125 0.0453125 0.053125
0 0.02109375 0.01875 0.040625 0.0375
0 0.45703125 0.05625 0.1734375 0.103125
0 0.328125 0.28984375 0.0625 0.06875
0 0.57109375 0.278125 0.078125 0.0875
0 0.40234375 0.25 0.05 0.0578125
0 0.43046875 0.6796875 0.146875 0.1484375
0 0.49375 0.9 0.1625 0.2
0 0.8046875 0.65703125 0.390625 0.2078125
0 0.81328125 0.3578125 0.3734375 0.221875
0 0.82578125 0.1234375 0.09375 0.10625
0 0.94921875 0.1 0.0984375 0.115625
0 0.74765625 0.95234375 0.1671875 0.0953125
0 0.96484375 0.88984375 0.0703125 0.20625
0 0.2796875 0.12265625 0.0859375 0.071875