0 0.1296875 0.5796875 0.259375 0.175
0 0.4328125 0.71328125 0.1484375 0.1328125
0 0.6703125 0.60625 0.1625 0.071875
0 0.81640625 0.7203125 0.1484375 0.109375
0 0.90546875 0.53125 0.1328125 0.0984375
0 0.42421875 0.42109375 0.171875 0.078125
0 0.10546875 0.4015625 0.090625 0.0578125
0 0.09296875 0.359375 0.0765625 0.0375
0 0.4 0.34609375 0.109375 0.046875
0 0.53359375 0.37109375 0.05625 0.0296875
0 0.4640625 0.33828125 0.0671875 0.0296875
0 0.74453125 0.38828125 0.075 0.0421875
0 0.20390625 0.271875 0.08125 0.046875
0 0.28671875 0.30703125 0.0609375 0.0375
0 0.0875 0.3171875 0.1125 0.04375
0 0.321875 0.67421875 0.071875 0.06875
0 0.41796875 0.30546875 0.078125 0.0375
0 0.51640625 0.3328125 0.0734375 0.03125
0 0.565625 0.3109375 0.05 0.025
0 0.64375 0.3984375 0.0796875 0.046875
0 0.11875 0.21015625 0.078125 0.0375
0 0.23828125 0.20078125 0.084375 0.0390625