0 0.8482157777106092 0.5099826803122716 0.13785017061270252 0.18591603444287888
0 0.7367521192258784 0.49839213964561535 0.11508235030926066 0.17332094606059661
0 0.6582435793872975 0.22753334275518183 0.10191292848861018 0.10710395020978139
0 0.31532262681192197 0.19132927531931657 0.19770340273485507 0.21529680373891077
0 0.4934634733281609 0.17574293196265672 0.09697033697334127 0.10362375269929233
0 0.4477375455884567 0.5047908919207005 0.22145963819098746 0.25902349295103005
0 0.5364338995215614 0.6797335375663784 0.14323930121764636 0.15682053029369386
0 0.906427535127475 0.7117003908950152 0.08969997091226496 0.09065015601864027
0 0.2649256902782261 0.6835284307132569 0.1521041181871082 0.15128092531467222
0 0.15747856271739807 0.2760567049836663 0.08641547424624481 0.10748245850815116
0 0.042108009542897715 0.22001742468997226 0.08421601908579543 0.1681598493799445
0 0.9024245298366411 0.3851728570768362 0.09875597758022465 0.1254987526992924
0 0.9474503742268482 0.48841717886237906 0.04081618969849785 0.043466580083912555