0 0.85078125 0.52265625 0.2984375 0.2609375
0 0.63125 0.5234375 0.1640625 0.18125
0 0.48203125 0.559375 0.0828125 0.134375
0 0.390625 0.559375 0.0484375 0.1125
0 0.56484375 0.72734375 0.1 0.109375
0 0.62421875 0.90703125 0.121875 0.15
0 0.4875 0.95390625 0.103125 0.0921875
0 0.41484375 0.73828125 0.0703125 0.0875
0 0.346875 0.65234375 0.0484375 0.1359375
0 0.28671875 0.58046875 0.0265625 0.0828125
0 0.328125 0.51015625 0.0390625 0.06875
0 0.48125 0.3859375 0.1046875 0.078125
0 0.38828125 0.41484375 0.0640625 0.0859375
0 0.68359375 0.3234375 0.2453125 0.1265625