0 0.6184026034610745 0.4837152637707991 0.2321794934412793 0.26134146276527803
0 0.48778336725588434 0.5432513050895837 0.10399253844375381 0.1678434230620141
0 0.40922127600774016 0.609474410712917 0.11780937697836436 0.163483231382639
0 0.30079237958035626 0.42469740757878505 0.17536957146044047 0.189792464665139
0 0.2741092916115724 0.6204092978713891 0.09684177973732648 0.1505104526972918
0 0.17524574570458684 0.5516209706490627 0.08664790818602892 0.13466724715020834
0 0.6807134164422303 0.7425103419430561 0.19599633197589003 0.2558175081681252
0 0.8385535719147257 0.6859544834699313 0.21400270352718778 0.27184255167111127
0 0.4649888398934071 0.8438689009292712 0.15488665309764632 0.2158458183886111
0 0.3081932852799943 0.7909406566288546 0.07785276232447184 0.11573540919430556
0 0.16462142695767984 0.664793117875521 0.05475609905006031 0.062137630508958354
0 0.09383861544686205 0.5825787234988542 0.06535940637700662 0.08579333605604163
0 0.0650695635469827 0.4598854526972918 0.08665455223856364 0.10501611474138883
0 0.036978820952414074 0.3442052481001389 0.07395764190482815 0.08139677678548622
0 0.017166488580039267 0.23566539627652777 0.034332977160078534 0.11195579255305557
0 0.1943896506112554 0.29081075721819466 0.1093417797373264 0.1508013934267362
0 0.39131223824135497 0.32433569129812534 0.12052494120271566 0.15574346656500007
0 0.03689589665452653 0.6094126740119445 0.056072937584671065 0.05748649810013902
0 0.3936317390343245 0.9488684118534725 0.07900582654882315 0.10226317629305512
0 0.3159062087311712 0.8974997811538892 0.07440685775648763 0.0797615416031249
0 0.010990652420277715 0.5091392638677084 0.02198130484055543 0.06827852773541672
0 0.014184251470338038 0.39273301386770837 0.028368502940676076 0.07921602773541672
0 0.46641414179328644 0.9593432048814933 0.10326884215265544 0.0813135902370135