0 0.5122218585303043 0.16442649366528683 0.2818062829393913 0.30603000580598777
0 0.4976519880958305 0.38398047571859817 0.19272236758448216 0.16933633636823106
0 0.5231550966261349 0.5342449001709199 0.14016581411407197 0.08672241316955062
0 0.5167633489719232 0.6256511501709199 0.1158870799535137 0.05171091567683313
0 0.6969146607402068 0.4563197916328581 0.11636768119435104 0.10318248746358769
0 0.8807540651993527 0.40217316389446633 0.15852233020561535 0.12623955423577726
0 0.918068758878951 0.5402558370931467 0.09939870248167466 0.10580738229073816
0 0.6973631389486803 0.6066380403792169 0.09241672896477801 0.07285848997087019
0 0.6066728009493948 0.6721062645149694 0.13932457995351372 0.052392877276173165
0 0.530591266168418 0.730171165610326 0.08466993094224957 0.028972097651002216
0 0.46317417322545396 0.6867190308123055 0.07148151609154337 0.04106292069139794
0 0.34966296630430393 0.5299796343358023 0.0854454631253363 0.10696070533113407
0 0.3720682080064307 0.6237894703083218 0.09041718639013112 0.06656302586424748
0 0.30131221965849864 0.32581732007089503 0.1437164210548924 0.2489950926364372