0 0.6564706446582209 0.6806636521635423 0.26253976096940923 0.5884494766329864
0 0.45284215845321896 0.779914850492431 0.1022768065307547 0.1569422906531946
0 0.3932018075422451 0.5846192278672573 0.03888393992586625 0.08521145459715278
0 0.46084566452848674 0.5283341666968406 0.05494544954451293 0.09807513050895836
0 0.407767793747247 0.4809675510055212 0.0341418762235353 0.08353985182361115
0 0.32822911588709835 0.3852900686729517 0.07326391832631982 0.22027743882958345
0 0.3158432216922136 0.24739002516996553 0.024637901451278844 0.03492051386770836
0 0.28589282686435674 0.23183710714194466 0.024637901451278844 0.03492051386770836
0 0.39052825236225275 0.16859418436427115 0.09022818511654282 0.08016158510611118
0 0.3420113960089832 0.10256848765090307 0.07981647477225655 0.05025587955902786
0 0.3536507896557137 0.03794294319798641 0.059176592558271415 0.04040810087368061
0 0.49180303176634743 0.3359291143601393 0.07965776206571747 0.17983427678548622
0 0.4059225846689051 0.2651243454584379 0.06355655771188111 0.07641833605604172
0 0.28848958112552603 0.02313425436840302 0.041770837748947985 0.033758057370694476
0 0.25968004564616354 0.10925293911392382 0.02184028366526398 0.04422277868534721
0 0.23917906188823235 0.04700685904180576 0.02921627404661713 0.031904616641250015
0 0.2806894608924404 0.17932970298163217 0.037247028855940556 0.03833645459715278
0 0.3483878153467933 0.6140696853142017 0.03904763103285873 0.08989895459715277
0 0.5469567130850571 0.9892586555367536 0.0558333377489479 0.0214826889264927
0 0.8531745190676577 0.6453658510611119 0.11137898801910069 0.14934799620027786
0 0.938154665076641 0.7419518699628134 0.06697422359113006 0.1295797036472223
0 0.4875843016366133 0.18805465881305597 0.08343254809323426 0.064391114741389