0 0.2159841770069771 0.44268951659574646 0.35190026165206795 0.3184757564562878
0 0.5214529270069772 0.46404997243161566 0.13262610174504025 0.2067413089182919
0 0.6153225313499076 0.6502002759020259 0.06560285668871887 0.09321440445914604
0 0.6638310871661062 0.6434857361773705 0.048994510895763274 0.07805929802252862
0 0.6227479932147361 0.3895030765224445 0.08559828243518837 0.15680701089576327
0 0.6655524882710575 0.5013364410048335 0.06353761213660043 0.1303866225281606
0 0.6934047006400891 0.38822443580905347 0.04871028763096845 0.11846577673520509
0 0.7056090417414677 0.5849901751653916 0.04891810124083733 0.054731058666190435
0 0.7519434563400723 0.5027129067280599 0.05669775025210146 0.07704310124083733
0 0.7836197912372647 0.4442884015322798 0.04376070767745457 0.06991901609154336
0 0.7808657678562542 0.6050238057393241 0.07679172896477801 0.07533848960843983
0 0.7030628319703262 0.6819908613034213 0.06357046312533612 0.10862088317182242
0 0.2914197636688803 0.8988738146182751 0.12145937278026224 0.13599176634364482
0 0.5247571515322798 0.7892467143858439 0.10313570767745457 0.07407092055068923
0 0.9175141899964274 0.40234083817451244 0.04277736188449914 0.055856516091543365
0 0.8383072912372647 0.44811252406044044 0.04321440445914604 0.06210651609154354
0 0.8392138633971082 0.5500192314857936 0.02671531930985225 0.04851390965492612
0 0.8060900069604908 0.532154388290728 0.026933840597175518 0.051638909654926124
0 0.8565216956964106 0.5084708698533961 0.036997255447881724 0.039903734160558105
0 0.7834451925943174 0.37508493346326494 0.042995883171822416 0.05898151609154336
0 0.6523087151421486 0.7344167387752606 0.05447968639013112 0.06755884059717551