0 0.5213851348485086 0.24761550859327613 0.4511214402610264 0.49388055338954284
0 0.5238138244616133 0.7924189312540036 0.12500369046151932 0.20752269334818116
0 0.6786654225921579 0.8811621632320502 0.24950678299298623 0.22302151869827114
0 0.36541025122617793 0.7505506992759571 0.0610577444009226 0.10530566534054522
0 0.3863641364988938 0.6285393392743663 0.06060745850815117 0.07876134667409058
0 0.8034369277902499 0.4191792365531871 0.15208640871793264 0.17349313868554467
0 0.40896303214457186 0.5260228666056846 0.059446777594401645 0.042842028007635945
0 0.321278052466289 0.9415211446133206 0.07190015601864026 0.08357611600890849
0 0.303678000601478 0.8441557959500476 0.07466995850815117 0.07892497867599957
0 0.40909736117957723 0.9568910586012302 0.019413773445216796 0.05018181333545435
0 0.27602140019584825 0.4674665739576838 0.05097234937994451 0.09582157733927232
0 0.28742360932869937 0.2963910052912292 0.05248822780418312 0.13642839600572695
0 0.23156469563638932 0.2712824646324107 0.060277417016302334 0.15681362133990878
0 0.21886101824712467 0.4080284866327288 0.06155465186945541 0.09126134667409058
0 0.12803510870399948 0.39113243531191005 0.04102866431701004 0.06760567067154533
0 0.09000138982288608 0.4501170839831371 0.028907172615379784 0.051853401336727244