0 0.58828125 0.4171875 0.2015625 0.11875
0 0.653125 0.3125 0.1734375 0.0953125
0 0.665625 0.83984375 0.515625 0.3203125
0 0.453125 0.575 0.146875 0.1171875
0 0.621875 0.634375 0.14375 0.0875
0 0.65859375 0.54921875 0.1 0.053125
0 0.85078125 0.47109375 0.2390625 0.134375
0 0.909375 0.5984375 0.0984375 0.0953125
0 0.07265625 0.346875 0.14375 0.16875
0 0.23515625 0.28671875 0.125 0.0921875
0 0.209375 0.39765625 0.0875 0.053125
0 0.2078125 0.45859375 0.1140625 0.0609375
0 0.15078125 0.53359375 0.1140625 0.084375
0 0.09921875 0.471875 0.05 0.034375
0 0.465625 0.19453125 0.1015625 0.0546875
0 0.27890625 0.0359375 0.0734375 0.0484375
0 0.634375 0.090625 0.025 0.03125
0 0.70234375 0.1640625 0.040625 0.046875
0 0.834375 0.15625 0.065625 0.04375
0 0.94375 0.22109375 0.1015625 0.0828125
0 0.7734375 0.1625 0.046875 0.0453125
0 0.79296875 0.06796875 0.0390625 0.03125
0 0.7328125 0.02734375 0.040625 0.021875
0 0.7296875 0.12109375 0.034375 0.040625
0 0.6875 0.125 0.025 0.025
0 0.67421875 0.03828125 0.034375 0.0375
0 0.94765625 0.11171875 0.03125 0.028125
0 0.84921875 0.09921875 0.0296875 0.034375
0 0.86796875 0.0375 0.03125 0.03125
0 0.19453125 0.14140625 0.365625 0.18125
0 0.2 0.82265625 0.1703125 0.153125
0 0.2578125 0.66875 0.109375 0.0828125
0 0.334375 0.5984375 0.0890625 0.05625
0 0.31015625 0.39375 0.084375 0.0796875
0 0.38046875 0.48046875 0.0703125 0.0296875
0 0.30390625 0.50703125 0.0609375 0.046875
0 0.41796875 0.43671875 0.0671875 0.0546875
0 0.6109375 0.1703125 0.084375 0.0328125
0 0.665625 0.24921875 0.06875 0.0421875
0 0.5578125 0.2265625 0.075 0.040625
0 0.83515625 0.27734375 0.2046875 0.0921875
0 0.803125 0.20625 0.028125 0.0171875