0 0.34453125 0.41875 0.115625 0.0375
0 0.35078125 0.4671875 0.1359375 0.0515625
0 0.46484375 0.80078125 0.2640625 0.1578125
0 0.5359375 0.42265625 0.08125 0.0328125
0 0.68828125 0.58046875 0.0734375 0.05
0 0.290625 0.7234375 0.1109375 0.0484375
0 0.3203125 0.621875 0.1359375 0.0359375
0 0.95703125 0.5296875 0.0859375 0.05625
0 0.53203125 0.41875 0.078125 0.04375
0 0.76484375 0.37578125 0.1921875 0.0265625
0 0.8640625 0.4640625 0.0671875 0.0296875
0 0.92578125 0.43515625 0.0515625 0.028125
0 0.55703125 0.2625 0.0890625 0.034375
0 0.48125 0.2046875 0.0875 0.03125