0 0.16357862744539178 0.6251771594086268 0.07391019867214013 0.08338681301126609
0 0.24758546790266722 0.6909134711662517 0.1100113251355733 0.1125574874635877
0 0.2824684862494316 0.8732091456185733 0.1273897226762452 0.14587009263643722
0 0.20453840808879625 0.967761813011266 0.12696247579950315 0.06447637397746817
0 0.15749575732667045 0.8648845170887588 0.07698065651766242 0.07410274122451135
0 0.4857985402095701 0.7095654974262106 0.3600759994108248 0.399473780416594
0 0.3552035669441497 0.458848780416594 0.10195338544042354 0.07014266693047429
0 0.39477915135130104 0.5061018651354724 0.07080337939029935 0.08642088479802065
0 0.4951473108940255 0.44573031795932394 0.06913179508134401 0.06762542069139794
0 0.05320577147002231 0.2562787437317938 0.08805451190385669 0.09785848997087018
0 0.09646943725926277 0.34114548871722894 0.06456246974937899 0.08780152837152996
0 0.0321205909482548 0.388500210345699 0.05507838544042356 0.06877874373179385
0 0.24610582289607805 0.4080100429530063 0.09439541549465283 0.11366534639736088
0 0.3578609343323965 0.405010726576528 0.08481133723582168 0.07745506175762476
0 0.3144790938751211 0.34045648159109293 0.05029998184962743 0.05301735141192578
0 0.43078080474570546 0.3618123075344827 0.06278180113146803 0.05025606426490725
0 0.4468234403825207 0.4247896806540208 0.051844301131468026 0.04993781551854859
0 0.4892609252572102 0.38304846153283323 0.026744307181592396 0.03202288981258557
0 0.11619963339732012 0.5761342541566351 0.10991133118569744 0.09536998746358769
0 0.046926937750242086 0.6639775834652372 0.06289997579950318 0.07056856426490725
0 0.16143590710683758 0.3219384991420702 0.07070338544042354 0.06923338479802066