0 0.5671875 0.509375 0.2046875 0.1546875
0 0.6484375 0.1953125 0.3109375 0.2703125
0 0.20078125 0.1453125 0.1859375 0.1953125
0 0.378125 0.59375 0.090625 0.0671875
0 0.4328125 0.65234375 0.0671875 0.0640625
0 0.50234375 0.6359375 0.1171875 0.0703125
0 0.6296875 0.6203125 0.1703125 0.1265625
0 0.61484375 0.7015625 0.1140625 0.0671875
0 0.54296875 0.71171875 0.0796875 0.04375
0 0.54375 0.778125 0.05625 0.0421875
0 0.6125 0.79921875 0.0625 0.046875
0 0.503125 0.73203125 0.0734375 0.04375
0 0.4015625 0.73046875 0.06875 0.046875
0 0.36953125 0.6828125 0.0640625 0.0375
0 0.33125 0.62578125 0.08125 0.053125
0 0.296875 0.56328125 0.0546875 0.040625
0 0.47421875 0.8203125 0.0359375 0.040625