0 0.3176013145535659 0.22784906326932317 0.16476335697722053 0.20604836463846715
0 0.597941745168208 0.4666382851318837 0.13402379788366653 0.13471719269935695
0 0.9009542722990892 0.7351614279449714 0.1258286606107628 0.12971135771838488
0 0.8136301312331635 0.5906673286295434 0.11788861485312836 0.12783052273741297
0 0.6104412294163926 0.6197632851318837 0.13134533697334128 0.10190469269935694
0 0.40127339456908323 0.6423864071475437 0.1686855824314133 0.19686436562705048
0 0.48336777275813103 0.8372797544858053 0.25774834030732113 0.12418555239490843
0 0.6628165435109163 0.7176715445234239 0.11514625212603188 0.13239068874502422
0 0.276146622439172 0.4068070514063251 0.19451475879399166 0.16988537155854927
0 0.1819803580644823 0.912986772737413 0.22493584030732108 0.12284854547482596
0 0.09964854000775866 0.20962435079830274 0.15660017061270248 0.18235619665368966
0 0.7242342097023773 0.17278215026464255 0.1433351539428031 0.09616402866891205
0 0.9065509548705852 0.6224850144088181 0.06651756242753386 0.0899193458553869