0 0.1287821542768677 0.649698216721817 0.10116568511654278 0.07984323295387145
0 0.4341987966576538 0.8247258957012242 0.16566967313564315 0.22775462743398442
0 0.19173104366242893 0.7922618177774773 0.12060516587924908 0.05519778896022594
0 0.17524540419204965 0.9736890957806544 0.12491071996293313 0.04434210957707663
0 0.04733620291825609 0.7908783701303836 0.04809524881887365 0.08047843262955982
0 0.11067208285480654 0.2963238007313486 0.07136905771188107 0.07620003571381488
0 0.02400915771580569 0.30723975568204287 0.04801831543161138 0.055560253246410875
0 0.03217004910472456 0.6662192893672629 0.05470734736759482 0.04623980032431163
0 0.014064922966007216 0.9026204395294186 0.02812984593201443 0.10725912094116268
0 0.5827082185273527 0.8424337727314668 0.07879961179556502 0.06539890340856687
0 0.6807563381274662 0.8071490633165457 0.10634425843752063 0.09398755357072233
0 0.860084195661862 0.9484620357204054 0.21032243030721923 0.07550238068039547
0 0.9275420580903994 0.7606796177013423 0.08463294954451328 0.09829322402541774
0 0.9422990172535591 0.65111370292869 0.07278771397248321 0.11682503571381489
0 0.49763135799773195 0.6627792747600616 0.14344744355406328 0.17271257142762994
0 0.5965128020999495 0.6930650182672398 0.06591766587924912 0.05424321509696384
0 0.406577249745546 0.9673088620160041 0.1626835384745874 0.05280917451188501
0 0.2633753759690813 0.8870464379078609 0.05470734736759475 0.04623980032431163
0 0.0020125843100099747 0.9785789675325958 0.004025168620019949 0.041279564934808374
0 0.045939949459695054 0.5419869025977878 0.09187989891939011 0.17523755357072232
0 0.266381357997732 0.6668157585247119 0.07093254809323427 0.06370003571381488
0 0.2631472637101801 0.4240515600668394 0.09022818511654282 0.07965231818121907
0 0.22912938385844767 0.5932924837679456 0.059558538474587405 0.05100912094116268
0 0.659799030500403 0.5576672605566021 0.15356648801910033 0.14946598620028234
0 0.8823213604448027 0.4905404415646042 0.20567462504240908 0.1659910129856435
0 0.650210787208643 0.1904850836057898 0.22145342558271394 0.3809701672115796
0 0.3512921375714627 0.18456414042292316 0.23491572485707451 0.3691282808458463
0 0.11735364719010957 0.17206414042292315 0.10952382213985135 0.09560460064862308
0 0.09822667967424718 0.04963180722417041 0.11906251324684392 0.09926361444834082
0 0.9435317120735668 0.23572052800976778 0.10115081614940138 0.1688511858759707
0 0.8886160666975558 0.02829013656925191 0.20870536660488845 0.05658027313850382
0 0.09750238322547547 0.7181715271923983 0.07487600362819706 0.08719208279171564