0 0.19593858757465313 0.42319441942262814 0.33812347473312526 0.3068800048941414
0 0.5014073375746531 0.41252721561694583 0.1233686840799308 0.2025843413771451
0 0.5868577943560075 0.5901586530957413 0.061447952697291794 0.09113592068857254
0 0.6358401550133339 0.5782836464723193 0.04549564437666671 0.07652778366526398
0 0.6065292890376739 0.3267583520072822 0.07852765634451409 0.1541815577118811
0 0.6442312704203129 0.434905668704838 0.057633274885625065 0.12847222958158006
0 0.6774775686729516 0.3180257035512283 0.0433162017473613 0.11704365626060227
0 0.6804973851617018 0.5149552672535591 0.046512630508958354 0.05314484736759475
0 0.7308409176467713 0.4271898832254754 0.053271776785486225 0.07523810217691818
0 0.7653600815907294 0.36499741807186575 0.040626306420763925 0.06855159255827141
0 0.7550616272779171 0.5272072413928435 0.07351154160312508 0.07282243030721922
0 0.6733953596104867 0.6129388994675443 0.05868662860909737 0.10665179328391083
0 0.25023518901701464 0.8747916357573642 0.11548214247680563 0.13205358656782168
0 0.4894769141313895 0.7397717618960815 0.10000130642076392 0.07062501324684405
0 0.9016599510817711 0.3086333122667505 0.04029899810013902 0.05448909255827141
0 0.8200475815907294 0.36308768849028583 0.04044446846486131 0.06073909255827141
0 0.816179658813056 0.46564969329960915 0.024528527735416715 0.04769345553496294
0 0.7837847329012504 0.45114324919739185 0.02460126291777769 0.050818455534962934
0 0.8354920500555906 0.42197161516930815 0.03524782218833309 0.03870040145127884
0 0.7684292237831947 0.2953024769648732 0.04037173328249999 0.057614092558271414
0 0.6200170928929867 0.6710986290491242 0.05149107123840295 0.06580853847458741