0 0.70859375 0.44765625 0.171875 0.1765625
0 0.65703125 0.7578125 0.1296875 0.1515625
0 0.19921875 0.4203125 0.18125 0.2453125
0 0.3453125 0.2984375 0.1171875 0.1484375
0 0.28359375 0.1109375 0.2765625 0.178125
0 0.61640625 0.0296875 0.1015625 0.059375
0 0.74453125 0.07578125 0.059375 0.0609375
0 0.83671875 0.18828125 0.1546875 0.115625
0 0.56875 0.4984375 0.0546875 0.128125
0 0.46953125 0.46171875 0.13125 0.10625
0 0.36640625 0.50390625 0.084375 0.0625
0 0.39375 0.60546875 0.1390625 0.1078125
0 0.3640625 0.740625 0.13125 0.128125
0 0.25390625 0.5890625 0.0921875 0.090625
0 0.55703125 0.82109375 0.0703125 0.090625
0 0.51640625 0.94765625 0.1046875 0.1046875
0 0.734375 0.934375 0.103125 0.13125
0 0.81875 0.82265625 0.1296875 0.153125
0 0.625 0.65234375 0.03125 0.0515625
0 0.73515625 0.690625 0.028125 0.05625
0 0.715625 0.27578125 0.0953125 0.1359375
0 0.8859375 0.3171875 0.121875 0.096875