0 0.5250455606127715 0.3176555736724529 0.09208497532299767 0.12621257475773362
0 0.3616419995385747 0.1979336635133238 0.0942086798265045 0.11080609604505716
0 0.3941960788113688 0.3022276796048672 0.0751187183831675 0.07991672896477801
0 0.3125758389904016 0.31456950645628784 0.09138406847545247 0.11527507475773362
0 0.09266625231635185 0.4153350589182919 0.1795034346068665 0.2038783888718056
0 0.12072710287006223 0.21012303503307833 0.1370365299187896 0.14802187278026224
0 0.25475045188261314 0.16377754877883322 0.07481832973421945 0.07522922896477806
0 0.2604812153008484 0.24579237328446535 0.07209384793281667 0.08126070767745457
0 0.5559415144979695 0.1416775817182246 0.08865958667404979 0.12130655347041022
0 0.6423622709763744 0.2748503506597596 0.08649630937615385 0.11182229282674845
0 0.6602575771133258 0.10581077355623739 0.045591904688076924 0.056075037378866856
0 0.6277664497231448 0.14748482132666443 0.03345285009228505 0.0365602128732347
0 0.689846145127353 0.1706598773949647 0.032491127390180986 0.045825952229572975
0 0.7563420326965667 0.14941294410692668 0.04725453423772628 0.05774679802252858
0 0.7452777174603168 0.3220691941069267 0.05037953423772627 0.05796531930985207
0 0.6279052405961595 0.5861702629125757 0.06029475478036197 0.0913241225281606
0 0.5718659916758937 0.6034398903844149 0.0561684592838688 0.07548060124083733
0 0.4385924167220363 0.5768559750295057 0.09002182757475126 0.11829081411407198
0 0.3664299151808768 0.7232667992830363 0.04362888648947969 0.049715776735205
0 0.34956378779069575 0.7660334534900807 0.04322836829088237 0.04346577673520517
0 0.21762576805093897 0.9145423732844653 0.09773419802510182 0.11727461733238051
0 0.31118121067737 0.7037084161112139 0.05733044108527148 0.06933986188449914
0 0.6041532672757467 0.3812588877865249 0.07229410703211539 0.08438570767745457
0 0.8000548550295307 0.3000028059914257 0.038741127390181165 0.046262994804219915
0 0.7886179048449604 0.3682611330949479 0.038841256939830336 0.047825494804219916
0 0.7386457880952376 0.25411686960129454 0.05799177513842757 0.05538662252816069
0 0.3119054966131392 0.8638482406168461 0.11033432757475108 0.11971120248167466
0 0.07059698103543559 0.7229836679527992 0.09949695712440043 0.12050887797604233