0 0.7178850250069666 0.7485377224071552 0.5642299499860668 0.4001434650936687
0 0.6016425811328198 0.49641788920840246 0.4433052497995075 0.29017635551659177
0 0.7256567311281753 0.3057229310112973 0.3405336020792369 0.19007516964062104
0 0.4915786516689627 0.3653508957012242 0.2813236228251611 0.15003082223840875
0 0.7147416193006763 0.23394338839762355 0.26127123195336815 0.13251603977100473
0 0.26230831661067266 0.5297209074690518 0.23818892946385706 0.1367944366867496
0 0.2407992468997223 0.47298966639750545 0.20348204274124865 0.11122169236879245
0 0.35472984710485933 0.3763447171288541 0.13799875269929238 0.0913534772718286
0 0.08849230831230293 0.5484005438314898 0.09978835767831425 0.08132391233702041
0 0.16575170270858114 0.4633476594976466 0.1444855510396184 0.09458757142762994
0 0.3004199327878493 0.31001633360578984 0.1973504419114116 0.11267509821299111
0 0.22040239129600053 0.3896413782480585 0.15279495850815117 0.08068871266133204
0 0.4868301068531216 0.26139009862332346 0.1622883576783142 0.08241485389503396
0 0.5696426068531217 0.2599446010589555 0.15868976099766208 0.0761103068171333
0 0.561911694610704 0.188891761367381 0.11567346680652087 0.06443642126547414
0 0.6953861228251613 0.1333666899397511 0.12852866431700996 0.06934210957707684
0 0.6043234149417099 0.14981957873782115 0.07350927759440182 0.04341480925276531
0 0.5495175157715468 0.14921165260108304 0.08480197510489056 0.04829322402541769
0 0.4301288983449704 0.18415148863920955 0.07350927759440165 0.04341480925276531
0 0.4863071207505688 0.14092759415909667 0.05525618506293437 0.029052300324311543
0 0.5794292361025528 0.11035765828312591 0.06162458423309758 0.030723894480112923
0 0.3055325626619805 0.2536026923720878 0.10246307178554286 0.05484323295387146