0 0.27421875 0.61953125 0.0546875 0.0703125
0 0.3109375 0.6171875 0.0625 0.084375
0 0.3734375 0.58125 0.04375 0.0765625
0 0.2 0.61953125 0.03125 0.0484375
0 0.15859375 0.6203125 0.0640625 0.0875
0 0.15625 0.48515625 0.0359375 0.0421875
0 0.06953125 0.46171875 0.0578125 0.059375
0 0.2703125 0.54453125 0.059375 0.0703125
0 0.33125 0.4984375 0.025 0.0296875
0 0.140625 0.40625 0.06875 0.06875
0 0.08359375 0.3984375 0.0390625 0.0515625
0 0.0234375 0.36640625 0.046875 0.0765625
0 0.08671875 0.61171875 0.053125 0.0484375
0 0.11328125 0.5703125 0.034375 0.0359375
0 0.1640625 0.540625 0.0296875 0.0359375
0 0.2375 0.6265625 0.0734375 0.1203125
0 0.21484375 0.48125 0.0859375 0.0984375