0 0.32589303539153597 0.1107036559246946 0.05038950361804462 0.09977875693983033
0 0.2834820488476616 0.3999559230435577 0.14428334577069996 0.19767364126984166
0 0.24877401967616208 0.7502260333148756 0.10530937697836444 0.16714553207825772
0 0.345527268205824 0.5680562785345137 0.10103131275401322 0.17465764342931003
0 0.46360780359736004 0.692077164562568 0.11187363749381411 0.23297079117755642
0 0.6363713534610744 0.4263952004983372 0.16433689620024125 0.2534625663159842
0 0.6889895839005133 0.729802000313767 0.2816948145630356 0.2345099120893325
0 0.31797996381955385 0.9451194262827602 0.08691350180902227 0.05384449568106327
0 0.23327077114650013 0.9271890515134729 0.058536196291098366 0.07694203423772628
0 0.23997555178833768 0.7546829958379468 0.11435682835784541 0.16149630937615383
0 0.40941154228894094 0.1364965954688066 0.1429532191310198 0.26143575262089364
0 0.7437588868164455 0.17502486274455326 0.08435506784239592 0.09416910703211538