0 0.14609375 0.65 0.1796875 0.15
0 0.09140625 0.5 0.1328125 0.15625
0 0.29453125 0.33671875 0.25 0.19375
0 0.37109375 0.1234375 0.2046875 0.128125
0 0.903125 0.60390625 0.19375 0.3265625
0 0.88984375 0.0671875 0.21875 0.134375
0 0.51328125 0.2703125 0.0703125 0.0703125
0 0.7109375 0.24375 0.14375 0.1234375
0 0.77109375 0.36640625 0.1578125 0.090625
0 0.5609375 0.028125 0.2140625 0.05625
0 0.40625 0.64375 0.1484375 0.09375
0 0.49296875 0.73984375 0.1046875 0.09375
0 0.625 0.45859375 0.0578125 0.078125
0 0.0625 0.1578125 0.0796875 0.0546875
0 0.56796875 0.34765625 0.1359375 0.096875