0 0.331011865474432 0.3330635266363837 0.264971094568919 0.17804422852997764
0 0.1000796548663837 0.41762838241536143 0.10629477360693614 0.08184087334017516
0 0.21657691012805555 0.4198681141667929 0.08507222099021768 0.06609769867214013
0 0.4469953683170294 0.11193848126045221 0.18261362087727823 0.1853749394987579
0 0.5688534997176513 0.30008389675510505 0.22994364718563745 0.19346015027114644
0 0.2477120600151161 0.5387590147325271 0.04564569994353027 0.05962043969514976
0 0.37994073109003834 0.5160987404338344 0.1548988735787013 0.11180108411256366
0 0.3570408283603804 0.6190555687908614 0.04299113680346807 0.040861349336070066
0 0.36733285722898834 0.70189988504764 0.04740562101845249 0.03620112041330899
0 0.18298940735604527 0.5672789244716434 0.041064615756780665 0.03460225897699054
0 0.18716169688917134 0.5048243762670414 0.050530621018452536 0.036219301131468026
0 0.1662261125612474 0.6280982498036083 0.03508763154179624 0.0392533975406721
0 0.2941760782897932 0.6928834333504379 0.05356461575678066 0.03467498184962743
0 0.2571318336220522 0.6200362858097659 0.06908319994353027 0.059756795081343836
0 0.1224082231269434 0.5864511052879984 0.05263915258848364 0.04560339149054773
0 0.1149982705525772 0.5262721293902993 0.06844616311182734 0.04881929508134384
0 0.7117283283603804 0.6211190803019347 0.09913472099021767 0.06617951190385654
0 0.6679020046263873 0.6731901195295462 0.04409861049510884 0.033057939695149585
0 0.47217998094886404 0.6650225746445939 0.12898882096198286 0.09603063836728971
0 0.31686387841685015 0.5594669453524904 0.06357665258848363 0.04566702400410509
0 0.21479241517796588 0.6440005057555366 0.02480257892507769 0.023573855386194255
0 0.7627818651214963 0.7065434958947834 0.10538472099021767 0.06621587334017516
0 0.9748458944842143 0.5844831852953455 0.05030821103157131 0.0957761083130606
0 0.8104850758001316 0.5467190440011894 0.11695925782192056 0.07721700585373234
0 0.8206483020520212 0.613942905437508 0.06081567363517095 0.05189884328594587
0 0.588577796649175 0.7594179901392468 0.050530621018452494 0.03621930113146821
0 0.6647307729716516 0.7528321677341481 0.03857665258848364 0.045521578258831144
0 0.7202828229575342 0.7679940803019347 0.054929694681858446 0.05811248184962743
0 0.5757145046263873 0.6726537883438487 0.06871917889684287 0.05350679508134384
0 0.6633055098880591 0.6747253484523072 0.042172089448421345 0.026798849336070064
0 0.6773379178088018 0.6474725020431034 0.02792757892507769 0.023592036104353654
0 0.8500748656861935 0.11350254390299357 0.15793286831702957 0.11025676483072293
0 0.3163339864222974 0.4430970567888089 0.06339464206513998 0.042542024004105096
0 0.45649333874254977 0.7711453096174793 0.06330363680346807 0.040979524004104914
0 0.5218831203125809 0.7808975595192834 0.04584312101845249 0.03619203005422929
0 0.4844517387707846 0.741630526439992 0.044280621018452496 0.03618293969514959
0 0.3002433387425497 0.7702362737095175 0.05200211575678067 0.03466589149054773
0 0.47145412592718855 0.41119813787631043 0.06659523677523324 0.0706761143631848
0 0.5189122258283665 0.5153452823919202 0.09361276308359248 0.07864315046753809
0 0.3662855676958624 0.7643726139704012 0.052821163111827295 0.048728391490547904
0 0.6218819762518895 0.0707827370159888 0.13265985253201382 0.10542381908544902
0 0.5132735447242107 0.016262887778114615 0.08904708944842135 0.02707156010845859