0 0.20122604673402736 0.484375 0.132887848023889 0.1375
0 0.041850393523645404 0.51796875 0.05505248233256952 0.0828125
0 0.08129671286218718 0.40078125 0.05156380642076395 0.0671875
0 0.13567574154753442 0.38046875 0.03397626291777782 0.05
0 0.4104036378240622 0.35859375 0.3155574905006947 0.265625
0 0.6085917903688541 0.10078125 0.2030561840799308 0.1984375
0 0.27427134175562495 0.0984375 0.08310474715020835 0.0796875
0 0.15901001766743048 0.0828125 0.06264677678548618 0.0734375
0 0.07048976548322897 0.22734375 0.05170927678548618 0.0734375
0 0.051712436742291076 0.6984375 0.0593399388295834 0.065625
0 0.025155815635728836 0.84453125 0.05031163127145767 0.1046875
0 0.2068687961653465 0.8796875 0.09825827488562507 0.1265625
0 0.3155742617804161 0.740625 0.07289459897381949 0.1109375
0 0.466006100401909 0.95703125 0.10923083605604163 0.0609375
0 0.44131783776847155 0.809375 0.07631053970326392 0.1234375
0 0.5204052725139924 0.83515625 0.04898432028847246 0.090625
0 0.6295081687905202 0.81328125 0.05457970364722229 0.0625
0 0.5937148327344784 0.87421875 0.04633079255305574 0.04375
0 0.7388454947785756 0.88203125 0.08077983415618065 0.1140625
0 0.46365004549975647 0.65546875 0.0767820119678472 0.0765625
0 0.3797289871791314 0.66953125 0.056724085106111134 0.0875
0 0.26270644776020785 0.5953125 0.10436280452090294 0.1203125
0 0.7406905498681594 0.36640625 0.3496415497712501 0.253125
0 0.8331742162806597 0.08515625 0.09371624525034719 0.1328125
0 0.9480705580362846 0.18359375 0.09713087955902786 0.078125