0 0.234375 0.78671875 0.2171875 0.2953125
0 0.2828125 0.44765625 0.1515625 0.1625
0 0.496875 0.29921875 0.0984375 0.1625
0 0.47421875 0.115625 0.1296875 0.1578125
0 0.68203125 0.13671875 0.1171875 0.1421875
0 0.52890625 0.60546875 0.10625 0.171875
0 0.38125 0.88828125 0.0703125 0.09375
0 0.4109375 0.92109375 0.05 0.078125
0 0.58046875 0.66484375 0.0640625 0.109375
0 0.628125 0.5375 0.0375 0.05625
0 0.6203125 0.6140625 0.040625 0.06875
0 0.72109375 0.3484375 0.053125 0.0765625
0 0.54296875 0.87109375 0.059375 0.084375
0 0.55546875 0.7828125 0.046875 0.0625
0 0.44375 0.94609375 0.0625 0.1078125
0 0.259375 0.56328125 0.078125 0.0796875
0 0.62421875 0.67109375 0.05 0.0796875
0 0.6515625 0.571875 0.04375 0.0734375
0 0.69609375 0.540625 0.0328125 0.0515625
0 0.6609375 0.42890625 0.059375 0.0828125
0 0.5515625 0.96796875 0.05 0.0640625
0 0.621875 0.878125 0.053125 0.084375