0 0.5875 0.53984375 0.1578125 0.121875
0 0.409375 0.5765625 0.1921875 0.1578125
0 0.7984375 0.4953125 0.1 0.0734375
0 0.7734375 0.45 0.0453125 0.046875
0 0.70859375 0.4078125 0.0421875 0.04375
0 0.63828125 0.4125 0.065625 0.08125
0 0.67109375 0.703125 0.0765625 0.0984375
0 0.58046875 0.46171875 0.04375 0.0390625
0 0.83203125 0.43125 0.040625 0.0375
0 0.359375 0.4234375 0.0765625 0.0640625
0 0.20234375 0.4921875 0.0703125 0.046875
0 0.14921875 0.471875 0.0578125 0.05
0 0.28125 0.425 0.0578125 0.0375
0 0.22578125 0.64765625 0.0390625 0.03125
0 0.15625 0.86484375 0.225 0.2703125
0 0.8328125 0.76171875 0.1625 0.13125
0 0.0703125 0.609375 0.11875 0.15
0 0.52421875 0.4265625 0.0625 0.06875
0 0.4390625 0.471875 0.0984375 0.0640625
0 0.296875 0.5046875 0.040625 0.0375
0 0.60625 0.61171875 0.0578125 0.0421875
0 0.54453125 0.634375 0.065625 0.0734375
0 0.575 0.4 0.053125 0.04375