0 0.08969501527691168 0.41122213627009563 0.12865335335772615 0.1855822431755744
0 0.03546478532781844 0.14285743403656528 0.07092957065563688 0.12991013192686945
0 0.5828604758911868 0.7739809239068801 0.1371942013844521 0.38274834160399784
0 0.5569450552594125 0.5182960041383384 0.14833060136854376 0.26614303846084475
0 0.30244155796468347 0.24592881431080488 0.22727376137808886 0.3400942688161376
0 0.25315753126991203 0.4551433025239806 0.1186420066836356 0.13045809553293922
0 0.25887917791218584 0.6344669294884513 0.14952838001272664 0.10066358767505648
0 0.48005693328295684 0.3485336217971842 0.23165217870781624 0.31375009263745524
0 0.5456321012094602 0.8865922398703148 0.06491702267663584 0.07642125889134022
0 0.5741903833147737 0.10990130728149154 0.06268290802036276 0.15283820967712844
0 0.19993581799013682 0.06330471298689733 0.15132723734881748 0.1210488622821623
0 0.04040945363225158 0.5408218990903773 0.08081890726450316 0.07565927956950454
0 0.3911916912396861 0.6712498378844535 0.0637181493475448 0.10759848428423435
0 0.3895211979233217 0.5463953870986652 0.10557838534372674 0.0814383986760923