0 0.4302017658644786 0.6102589545236119 0.34004965064493076 0.34005482082972166
0 0.8031840177643396 0.63064405621977 0.3714841014423612 0.4847029394913882
0 0.6426419887946521 0.8622145593773162 0.2240219943004167 0.1786498461830554
0 0.07416643180201359 0.8473056440150002 0.14833286360402717 0.30470520678620333
0 0.08310796015456579 0.536807641423102 0.16621592030913157 0.21544721715379608
0 0.3597503276035761 0.28740650636157483 0.07678201196784729 0.08312414976444434
0 0.4549160508180899 0.3523685420825009 0.08266833605604162 0.06804595391148131
0 0.5624376100886455 0.3554361705461122 0.08452177678548622 0.08068265494824063
0 0.4822247396476733 0.28448797497597317 0.07772626291777787 0.056698350801203556
0 0.47946406876986086 0.23561097756787133 0.044113675911805574 0.01945262902925915
0 0.1397638295034372 0.35966965150787067 0.10054682028847228 0.09923716531583313
0 0.02770383325470472 0.36418007719129636 0.05540766650940944 0.06287043836009243
0 0.03724020117868032 0.27585987097074083 0.0594126740119445 0.07380793836009243
0 0.25428092439319416 0.3301592258244449 0.07696384992375008 0.09093664976444434
0 0.5192370432186457 0.13467390268564916 0.12859908510611112 0.09857278397749977
0 0.7542991081887844 0.28563364406148295 0.14513327488562505 0.1390022943450923
0 0.6644936854111109 0.19135525523027905 0.24793096656499997 0.1339620627712032
0 0.9148001970946178 0.2903034372752796 0.15796188962701407 0.22120920160240712
0 0.8590626094230555 0.10572267719051091 0.15207425911805572 0.16923659849212935
0 0.682483232048229 0.054900345381066126 0.1941149823325695 0.09962672752138853
0 0.17188861132291647 0.21885943232782443 0.08982621941479171 0.040604459095277615
0 0.43426132475378443 0.20136240815226936 0.08368662860909737 0.11179595391148131
0 0.5654048348217707 0.06046542313801036 0.052908100873680655 0.062323634213055444