0 0.26796875 0.721875 0.5359375 0.425
0 0.44609375 0.4921875 0.1328125 0.0609375
0 0.51328125 0.58828125 0.20625 0.1203125
0 0.63046875 0.39375 0.1375 0.0859375
0 0.75625 0.44921875 0.128125 0.08125
0 0.66953125 0.48828125 0.1 0.071875
0 0.65078125 0.44296875 0.0546875 0.028125
0 0.56953125 0.4625 0.0484375 0.0484375
0 0.67265625 0.55234375 0.10625 0.06875
0 0.61328125 0.5078125 0.1140625 0.059375
0 0.7234375 0.34609375 0.096875 0.065625
0 0.75 0.5640625 0.05625 0.05625
0 0.1921875 0.4875 0.065625 0.05