0 0.115625 0.37890625 0.23125 0.1359375
0 0.26328125 0.45703125 0.0765625 0.0359375
0 0.36953125 0.4078125 0.121875 0.0875
0 0.36953125 0.56796875 0.159375 0.10625
0 0.60390625 0.77421875 0.1234375 0.2046875
0 0.7234375 0.54453125 0.121875 0.115625
0 0.80390625 0.70234375 0.1125 0.0890625
0 0.8796875 0.90390625 0.2203125 0.1921875
0 0.09765625 0.6796875 0.16875 0.1640625
0 0.33125 0.825 0.215625 0.35
0 0.49765625 0.4140625 0.06875 0.0765625
0 0.54375 0.484375 0.08125 0.04375
0 0.490625 0.621875 0.0671875 0.0625
0 0.565625 0.54921875 0.0828125 0.0515625
0 0.64453125 0.38515625 0.0640625 0.034375
0 0.52265625 0.3375 0.075 0.040625
0 0.37734375 0.32734375 0.03125 0.0203125
0 0.42109375 0.30546875 0.0328125 0.015625
0 0.49140625 0.24765625 0.0375 0.0359375
0 0.49609375 0.2109375 0.028125 0.028125
0 0.31484375 0.33046875 0.0546875 0.0359375