0 0.5922074594421655 0.5587755503433798 0.1753491972858944 0.1458112015966055
0 0.4180326320865417 0.4992771694304713 0.21558071337743775 0.18640170950527093
0 0.7991783613034213 0.6279062578343033 0.11058757475773362 0.08864068874502422
0 0.799479010062584 0.5761845903438173 0.05360560124083733 0.053599843878220456
0 0.7632576507759751 0.5063641802677051 0.04859031930985207 0.04872134288963732
0 0.6983539166154169 0.4745358601154808 0.07944683540139544 0.08892984882113648
0 0.5861863244287575 0.7415708042977125 0.09471120248167449 0.10669035178688588
0 0.6240641107992182 0.4877481259328116 0.04982503737886681 0.0440975098858317
0 0.8591653664992014 0.5894220779865276 0.04670003737886681 0.043970175893442945
0 0.44856744804219906 0.3421212440313199 0.08627598960843982 0.07518568380210837
0 0.2778507564562879 0.32087227962031417 0.07569912252816077 0.05761618182494201
0 0.24103381746826663 0.2761473700384936 0.0648708831718225 0.05873301285158128
0 0.37926579098516305 0.30342084136958153 0.062434298022528624 0.0461693458553869
0 0.2222231053513366 0.4665150434604787 0.04313799480421991 0.037592841901054184
0 0.10795242776328177 0.6474533201522243 0.14969290546755212 0.3582183596955513
0 0.6997075110709903 0.8748369490507855 0.18225476114786474 0.155440869581383
0 0.10470818739853734 0.35456548319408604 0.14541032500983525 0.16328786167271767
0 0.5917872063400723 0.4295191318643107 0.07388525025210146 0.07623884783255316
0 0.49509252279993277 0.4248409021302657 0.10691627153942491 0.08070085475263547
0 0.35404155188092634 0.3796623477953722 0.04670003737886681 0.043970175893442945
0 0.5736866884069436 0.6300430552862957 0.0643245799535137 0.05092051285158128
0 0.5085862122921571 0.6178096521302658 0.07733803218308673 0.0810536818249421
0 0.6491462382710574 0.4318827865032153 0.05963707995351371 0.05072951186299797