0 0.36171875 0.36328125 0.215625 0.196875
0 0.4171875 0.55703125 0.1515625 0.146875
0 0.49765625 0.65 0.178125 0.146875
0 0.62890625 0.75546875 0.225 0.1703125
0 0.59765625 0.90078125 0.1921875 0.1578125
0 0.77109375 0.78359375 0.1625 0.1234375
0 0.9265625 0.79140625 0.146875 0.1265625
0 0.85234375 0.40703125 0.2046875 0.2296875
0 0.64375 0.384375 0.171875 0.1953125
0 0.58125 0.16328125 0.2484375 0.221875
0 0.5265625 0.325 0.09375 0.0859375
0 0.2359375 0.19765625 0.2015625 0.1765625
0 0.24296875 0.08984375 0.1078125 0.08125
0 0.37734375 0.1375 0.0796875 0.0828125
0 0.50390625 0.0625 0.1921875 0.125
0 0.36171875 0.06328125 0.0796875 0.0734375
0 0.7359375 0.5765625 0.10625 0.1109375
0 0.64453125 0.634375 0.0890625 0.078125
0 0.63125 0.0203125 0.071875 0.040625