0 0.3142714452408323 0.5343970906823173 0.5828847442040731 0.5469191813646347
0 0.7998105296421754 0.3864231739014028 0.24023260367592555 0.16812363749381393
0 0.8333770109332403 0.21009636928798997 0.2947819855799068 0.29385397783744704
0 0.8113125405754158 0.5534468995911432 0.12076085080120365 0.08254026232447184
0 0.6917908524981471 0.5650693950685876 0.09521404665416658 0.07498006784239593
0 0.36674587700300887 0.2097489727490644 0.2153105161170367 0.18548155585660825
0 0.5903356592370823 0.5698620364075888 0.0587297425071295 0.06684666327441154
0 0.9745775008484717 0.5469080517842784 0.050844998303056596 0.0891244549975255
0 0.9178844607922212 0.5893611454072717 0.09970605702175916 0.09076884215265543
0 0.9808278551132867 0.4554199146291486 0.03834428977342661 0.029264776119281778
0 0.5775410077292117 0.7169483983479479 0.10886644354388864 0.07102955223856355
0 0.41567528624009115 0.7512371099041941 0.147049948727685 0.0808073439616777
0 0.4101374771920819 0.8123826498182858 0.16974515494824055 0.09132876413349393
0 0.5410655569752764 0.7889152515818797 0.10798744872768502 0.07876016508343398
0 0.5539551191808317 0.882910913047269 0.07937443317629622 0.05393058344622794
0 0.6204392816219428 0.9050592299851538 0.059530824882222076 0.040447937584671224