0 0.78203125 0.559375 0.159375 0.165625
0 0.9265625 0.6328125 0.0734375 0.09375
0 0.92109375 0.51015625 0.065625 0.0765625
0 0.87421875 0.4765625 0.0453125 0.05625
0 0.61484375 0.384375 0.3671875 0.3359375
0 0.49609375 0.103125 0.2421875 0.20625
0 0.81953125 0.1703125 0.0984375 0.0984375
0 0.93515625 0.18515625 0.0796875 0.0859375
0 0.9734375 0.34609375 0.053125 0.0828125
0 0.865625 0.803125 0.0734375 0.078125
0 0.85625 0.946875 0.084375 0.10625
0 0.6640625 0.93203125 0.125 0.1359375
0 0.59921875 0.77578125 0.096875 0.125
0 0.39296875 0.94453125 0.1203125 0.0875
0 0.45859375 0.809375 0.103125 0.1375
0 0.375 0.81328125 0.06875 0.1
0 0.27578125 0.7640625 0.0671875 0.0734375
0 0.29296875 0.83203125 0.0546875 0.0546875
0 0.15078125 0.8015625 0.1046875 0.128125
0 0.48046875 0.65546875 0.0921875 0.09375
0 0.55703125 0.690625 0.0734375 0.0984375
0 0.69140625 0.65 0.1296875 0.140625
0 0.29375 0.30625 0.396875 0.3328125
0 0.2828125 0.04375 0.121875 0.0875
0 0.1453125 0.07734375 0.1125 0.1