0 0.6021762866009122 0.48083885031802875 0.07056813335454457 0.15664997579950324
0 0.9471706132638669 0.5061736309614332 0.09538632001909023 0.14117042154477702
0 0.7092155325827766 0.6138008203619953 0.08012494668999892 0.1723295179539809
0 0.7402126359405028 0.43394514871902234 0.09673064401654478 0.12242951190385672
0 0.8126705332988653 0.24916108256043956 0.1317419906906352 0.17731699980360824
0 0.6095460806413193 0.18315987442032966 0.09702154535327168 0.14742951190385667
0 0.5365887439529112 0.3437297357584523 0.05279883068109026 0.10654998184962743
0 0.8139553872135965 0.8772360855855016 0.10303518801718106 0.12715337334017535
0 0.9337053605585959 0.7906077182954506 0.06513519867918127 0.09256020472226431
0 0.9486138399109132 0.650686700243274 0.08884541868236298 0.11613406010845857
0 0.7764115759070952 0.679811639742032 0.08839198002863498 0.21143746974937905
0 0.5933450845799131 0.6355672569338869 0.06070223734881743 0.1144079336450254
0 0.4995149106063209 0.44159506401728343 0.05059998400699968 0.051853391490547907
0 0.4956637519494114 0.36974733509452234 0.028761346674090582 0.054851126463433174
0 0.5208284786362286 0.22117347970832807 0.06359088001272681 0.0941136143631847
0 0.5218375426480009 0.13445472970832806 0.03820907200827239 0.061155668617910844
0 0.6781409919637289 0.26322410344128666 0.060684056015271895 0.11284543364502549
0 0.5935563592855022 0.3488666876520462 0.054343149347544896 0.10499657220870703