0 0.5139534719466676 0.7493637833195879 0.1239682680561673 0.10818823620994636
0 0.3430060548862922 0.7709252315910929 0.14166668874473984 0.16801787727617334
0 0.23959333429038693 0.6032399749271754 0.11862600362819711 0.08930184389007838
0 0.19592020144342961 0.4700721222616083 0.10138393992586621 0.08723923871722902
0 0.10595242195451689 0.30746081050398355 0.1529117235911302 0.13244409012915473
0 0.3974876798438832 0.6101755996960662 0.050674611795565025 0.06547188730530315
0 0.24641867613086815 0.19525999036658154 0.08526786660488846 0.07272209765100209
0 0.20173860399101678 0.1003051915410805 0.054816474772256554 0.04998327962517113
0 0.46719997911824385 0.5950339844940868 0.05681548439090349 0.06252874373179385
0 0.44274070397531834 0.9604016055685609 0.14373513103285873 0.07919678886287826
0 0.048779784298236144 0.16765651293212375 0.0809623125212045 0.08352320533113407
0 0.7511881210356938 0.9498197390464334 0.10056548439090349 0.06380173871722902
0 0.7093155903656547 0.8682143863808662 0.10708830290255769 0.0717960951437199
0 0.4330680265785059 0.5339457203083218 0.05399801923729371 0.02654577962517113
0 0.3993080962712865 0.4611614381758682 0.1682093413771451 0.12352373119538154
0 0.330416675497896 0.07517246239076303 0.0953869110699257 0.04960284639736088