0 0.1184981944102114 0.4788631344023092 0.15312869046151914 0.21025084138279587
0 0.1632150080978771 0.2630275342440247 0.16224173610255282 0.1247679824490227
0 0.5126822118321435 0.24581232436054412 0.06408765601864026 0.08449467194503928
0 0.3351580952307596 0.09360026966254831 0.13809384108157471 0.11471102084968252
0 0.45689138527271583 0.10884953345260184 0.06647895020978148 0.0954776360516619
0 0.5273115516643184 0.17022129097444924 0.059423466806520865 0.06409124373179384
0 0.16341222717948317 0.03964334161390515 0.24474566016782512 0.0792866832278103
0 0.24952212884844588 0.410064007126136 0.08814230788809567 0.17561977711788862
0 0.4253383450302669 0.37441234897115033 0.0810383576783142 0.08186977711788863
0 0.3404925161957542 0.5256458915284453 0.08352474025173776 0.11468227711788863
0 0.5568269886013526 0.47707068454795853 0.05435745850815117 0.07953438730530316
0 0.5687932697202391 0.4179995614284204 0.04105197510489074 0.04796613855894431
0 0.507996557062903 0.34930103721352557 0.06226504689043359 0.10159124373179385
0 0.6421123705500762 0.4143002484171544 0.023887785892771518 0.0271989974927175
0 0.6470259361118417 0.4791439984171544 0.024953378424238615 0.0412614974927175
0 0.6217802502237146 0.6419538869760987 0.05352866431700996 0.06859688730530315
0 0.4970394367365415 0.5766818911327338 0.060133861827499045 0.07346624373179385
0 0.5435960506386331 0.6434458423072328 0.050048466806520864 0.06381845909205772
0 0.44460244358501877 0.6596367951310844 0.06044243776222693 0.1186878155185486
0 0.2884484545826809 0.7377798301665319 0.07346265601864026 0.0847674565847754
0 0.3918811079020288 0.7285064670761235 0.053978950209781475 0.09511392319868044
0 0.45795731641018006 0.8048810989711503 0.050687084233097576 0.031096887305303154
0 0.08964502429363129 0.8007214140274804 0.0687052236549982 0.1454321719450391
0 0.6445969078927402 0.343760427884041 0.061104365976683894 0.06569920783841657
0 0.6307935944055669 0.2752604804704657 0.049953378424238616 0.04198892319868044
0 0.6978519624568433 0.3335981662055585 0.04370337842423862 0.04180706677218975