0 0.4273359134617912 0.7706001943869895 0.5216335553606578 0.30121652864330883
0 0.42360205429771247 0.49906873650353817 0.4103830375661605 0.2086719859020601
0 0.2234985780237087 0.40207902779489435 0.32894735376405226 0.12150202739390892
0 0.46463025540002645 0.33318270475995165 0.2748036818249421 0.09247645560836615
0 0.20045500886006754 0.3368451141025842 0.25704317885919253 0.07711156473657291
0 0.7495663295065834 0.3552064570350367 0.22949118182494194 0.08904287967363853
0 0.7433600918638732 0.29726390247093337 0.19910334486680376 0.06960579544054105
0 0.5947925992782469 0.2734739728065837 0.12729201186299816 0.0657219336130419
0 0.9215805923581648 0.28142264707234865 0.09604201186299832 0.06335395020978148
0 0.8075791007611217 0.25034043566441244 0.13366934585538673 0.06932053029369403
0 0.6145413665784525 0.19019953151987193 0.1899193458553869 0.0735829004195629
0 0.7232969426621759 0.21622739002337873 0.14840300790866542 0.04862952199532424
0 0.4215434416735927 0.24376592986484233 0.16083934091247104 0.0480142153566284
0 0.3451109342592189 0.2846053400326675 0.15902217292769336 0.041645816186465366
0 0.3204411980993833 0.22105232551052043 0.1122745069200823 0.04121884108157472
0 0.1723392791260226 0.24317854709092618 0.12633700692008226 0.042284433613041905
0 0.2632653680613273 0.20980809480655233 0.07126750494291585 0.028765462657336018
0 0.3126897065023403 0.18191897053149858 0.0823323389353046 0.03271925684847723
0 0.4385492109509646 0.15135328691845668 0.07126750494291585 0.028765462657336104
0 0.3672472139167141 0.14273714874595575 0.053634335969555115 0.016525571785542814
0 0.2682367109509646 0.16425879646622626 0.05994800296574958 0.01856166846619489
0 0.5844201264642843 0.14575171450821392 0.1010186719391104 0.03257754689043355