0 0.751420783919527 0.4957503324351519 0.12209788273097573 0.1030851907221905
0 0.8469240868041632 0.33690723163684916 0.07417056576151389 0.10736151384016442
0 0.5723233442210292 0.543537869507021 0.061224284547746775 0.06322951186299797
0 0.645219097095967 0.6425709357049125 0.039476830305381405 0.06390067391627667
0 0.849413163147345 0.8787472217510175 0.11272288273097572 0.10270318874502422
0 0.9001775351274752 0.6002574658195183 0.08437474212409199 0.07974584980971962
0 0.6252085834701834 0.36307177810025837 0.07302239606689528 0.16960684585538682
0 0.5229286063490007 0.36646071635099103 0.05382637272903601 0.04891234387822054
0 0.5636807652927736 0.2487811264271032 0.050669421820650484 0.06747134288963733
0 0.44172640377362515 0.3596469836511965 0.0266261439408634 0.04001750494291585
0 0.6270576101420225 0.22595378007742473 0.06862219636645772 0.07754667984777566
0 0.4757355155826376 0.6012004722824901 0.05095646424430526 0.0519100098858317
0 0.4508142324120167 0.3055497326626134 0.050733323637421536 0.030098676882026165