0 0.5378482965080006 0.8849188976816414 0.2548526419239655 0.20055705140632513
0 0.2569329544993304 0.7945617890118543 0.1624075366905286 0.16561436562705048
0 0.46043040984570693 0.6985622450199032 0.24581229991529535 0.09886721741393636
0 0.591833057313693 0.5882720493547966 0.137347352532014 0.11003552768032883
0 0.4016869284733199 0.48325292140763765 0.11401626834526421 0.08414418973360735
0 0.35046679174043893 0.3702236807991778 0.11650423151356133 0.0733340237259962
0 0.7739637468750539 0.48844450981146964 0.11815773677523325 0.07496019072219048
0 0.6431849127588916 0.394319119507021 0.09186825256024882 0.07856535178688598
0 0.731679723409292 0.2599348492410659 0.09508425782192056 0.08025518577927473
0 0.5188226786144942 0.32969022821398913 0.12061487884037306 0.11714769072219058
0 0.24122059435715743 0.3903372040308824 0.09921031570031094 0.0975700197716634
0 0.07516295485226628 0.42999390612177957 0.09581229991529541 0.09275518577927463
0 0.1399164286144942 0.34512947479112904 0.08681673151356133 0.07212435079830275
0 0.07870372575777931 0.5849042406084598 0.09634292093374792 0.12862901878308045
0 0.8498191335373477 0.6748648294694024 0.08780237884037305 0.11581068380210838
0 0.8292042546969747 0.5629378324351519 0.10649219468185862 0.06201452174882984
0 0.5748458944842143 0.24283221536240784 0.11715667889684286 0.05777269072219058
0 0.44103233660582397 0.23105641003893113 0.04675317363517095 0.05334517589344294