0 0.49830776229714946 0.675155249576477 0.3581941057692724 0.33032162073610394
0 0.838950091599858 0.7500760097468848 0.322099816800284 0.47414721544619703
0 0.7391869512467413 0.9364431826313353 0.23332216727872268 0.1271136347373293
0 0.15414252942609083 0.8548012565770898 0.18466101092002357 0.2903974868458203
0 0.13273094653563558 0.5496730472844595 0.19288835697722054 0.21028359456891899
0 0.3932706074362625 0.3409174864928845 0.08124974212409217 0.08093075256024881
0 0.49614025804508566 0.4199973127165392 0.08622428454774678 0.06566977360693613
0 0.604973124106162 0.4387766757718968 0.08880715060882309 0.07826077886860805
0 0.5165645862244352 0.3558738995341247 0.08064396424430527 0.054459257821920556
0 0.5086406448589473 0.3064276363799451 0.04502545757634522 0.018173147326811724
0 0.1788571631958367 0.38130174985882564 0.10583515394280307 0.0963583314853265
0 0.0643482530441158 0.36918961575678066 0.06253169303247781 0.061179694681858444
0 0.06658069061658183 0.2822356473268118 0.06342451333591956 0.07211719468185844
0 0.291325341225405 0.36841388396087066 0.08188747091226496 0.08874325256024873
0 0.5381690350067888 0.21095551266006943 0.13370506242753405 0.09487142619541977
0 0.7912615683465878 0.3967543176958624 0.15251870636839743 0.13484397881213822
0 0.6907198212215256 0.2890412572572233 0.2544957945496865 0.12678782608248032
0 0.9343426622777529 0.4248778596480628 0.13131467544449435 0.21673101564384112
0 0.878076557885606 0.2315304070736966 0.1611920757634536 0.16489549985882573
0 0.6945308631861383 0.15474955724310582 0.19894742515463032 0.09400614718563745
0 0.19647561364518032 0.24470409719975486 0.09174096091032524 0.03799979991529536
0 0.45942202379690117 0.26546173116062555 0.08979556576151389 0.10941977360693614
0 0.5769607259132348 0.14323666261771714 0.056281693032477875 0.06081567363517104