0 0.6210390869463398 0.713485613575522 0.060967304168502066 0.31609984387822043
0 0.7135242312260426 0.5224839287848304 0.08961311542376223 0.15343801779449712
0 0.672177523328827 0.38842460517256494 0.08243553248413775 0.12662084980971952
0 0.5497370389379236 0.45426446387953306 0.04814981252120454 0.08309634288963749
0 0.5281100647986392 0.3810325523205461 0.05999504809323426 0.06485567885919244
0 0.4848164217848808 0.3250663952101835 0.0453521947351895 0.09234400889724856
0 0.43610112487277297 0.46903657110362645 0.04793155771188111 0.07684634288963732
0 0.40643841752371157 0.5365569935370283 0.026909729581580066 0.055706171939110226
0 0.4012647894860777 0.6623700770351255 0.030089293283910835 0.05739600593149898
0 0.3438317462021669 0.7208802554000264 0.03315972958157998 0.055960839923887916
0 0.5069691524627691 0.6736657212939069 0.042425602176918174 0.053217841901054184
0 0.5040623741549828 0.9132866368072265 0.06750001324684388 0.10104784684397003
0 0.7857166566391205 0.778548244982722 0.13815974282842394 0.1585366946765232
0 0.9554414350317249 0.20759246334806045 0.0774950613400783 0.163866181824942
0 0.7889905450131913 0.19331108194086033 0.11252482576804841 0.1840168557412186
0 0.6165401369384906 0.2838127010279518 0.04811509618646852 0.12678267589344294
0 0.4727256164352525 0.5596005627006695 0.05152778366526398 0.045787343878220456
0 0.43220971072280445 0.8038744861226546 0.04091766587924894 0.05471667490485963
0 0.30496765364389555 0.7614707633086917 0.03753969473518968 0.09202567391627667
0 0.26457577742036015 0.8458112712173571 0.04669643992586625 0.08615767589344295
0 0.5393872936624289 0.7729826303814359 0.04124504809323426 0.06409167490485981
0 0.5312772487340556 0.22331555281483775 0.035739092558271325 0.04046317391627667
0 0.584377456083117 0.15484012543852002 0.052817465153609786 0.03803851087441492
0 0.6998561231434925 0.17665943422203786 0.045714293283910835 0.058032675893442943
0 0.6274280516366133 0.15074553304317426 0.056324411069925695 0.04910334486680368