0 0.68046875 0.6046875 0.325 0.2375
0 0.346875 0.85078125 0.4046875 0.265625
0 0.19375 0.34453125 0.1125 0.046875
0 0.33515625 0.46328125 0.3765625 0.134375
0 0.49296875 0.28515625 0.2359375 0.0609375
0 0.33828125 0.16796875 0.2734375 0.0609375
0 0.625 0.18671875 0.175 0.0703125
0 0.8859375 0.196875 0.134375 0.0515625
0 0.69375 0.38359375 0.146875 0.0671875
0 0.87890625 0.44375 0.1515625 0.11875
0 0.81484375 0.94296875 0.3109375 0.1140625
0 0.92890625 0.7515625 0.109375 0.1359375
0 0.5875 0.11484375 0.1171875 0.065625
0 0.7703125 0.0625 0.196875 0.0453125
0 0.53984375 0.04921875 0.1625 0.0484375
0 0.2125 0.23359375 0.2625 0.059375
0 0.15390625 0.090625 0.165625 0.040625
0 0.03828125 0.7046875 0.0609375 0.1046875
0 0.16328125 0.60078125 0.1890625 0.1171875
0 0.0453125 0.43359375 0.0859375 0.0953125
0 0.334375 0.35390625 0.0921875 0.0375
0 0.25703125 0.2890625 0.1375 0.034375
0 0.71015625 0.28359375 0.1109375 0.0484375
0 0.87734375 0.2578125 0.13125 0.053125
0 0.3359375 0.0421875 0.16875 0.0546875