0 0.67734375 0.4203125 0.1453125 0.175
0 0.4765625 0.40234375 0.1125 0.11875
0 0.3609375 0.44375 0.0984375 0.153125
0 0.21484375 0.52890625 0.10625 0.2015625
0 0.090625 0.44765625 0.10625 0.1671875
0 0.13828125 0.6515625 0.075 0.1453125
0 0.0734375 0.79765625 0.0859375 0.13125
0 0.46015625 0.8625 0.1890625 0.1484375
0 0.55625 0.67578125 0.1640625 0.121875
0 0.78515625 0.696875 0.1578125 0.20625
0 0.65390625 0.5875 0.0640625 0.0765625
0 0.8765625 0.36171875 0.125 0.16875
0 0.975 0.40703125 0.05 0.096875
0 0.88203125 0.515625 0.065625 0.0609375
0 0.9171875 0.66484375 0.0921875 0.171875
0 0.95703125 0.52734375 0.0546875 0.065625
0 0.34375 0.69296875 0.0875 0.0796875
0 0.32265625 0.58671875 0.0546875 0.075
0 0.91015625 0.7984375 0.04375 0.059375