0 0.8703125 0.34213673700243624 0.259375 0.24148509576733285
0 0.909375 0.4789191309432995 0.18125 0.15229530788560625
0 0.3890625 0.13254014365099928 0.4 0.23421421395444106
0 0.525 0.2811366245652039 0.121875 0.09901106909549373
0 0.43203125 0.31104765198594897 0.1515625 0.10299693849054989
0 0.653125 0.43925162669123574 0.1078125 0.09161315727678296
0 0.56015625 0.40041265411198096 0.0828125 0.07863492515463051
0 0.759375 0.5166747382103841 0.15625 0.10337957576345361
0 0.50625 0.4272623254735895 0.0859375 0.06951501666989941
0 0.36953125 0.3371958216805676 0.1640625 0.11182980455162621
0 0.1890625 0.1693392866737788 0.178125 0.15204021637033702
0 0.63203125 0.4945610089631695 0.1046875 0.08667056576151388