0 0.39921875 0.6609375 0.6546875 0.55625
0 0.62890625 0.2234375 0.1421875 0.071875
0 0.12578125 0.20625 0.2515625 0.1453125
0 0.340625 0.29453125 0.1140625 0.053125
0 0.36640625 0.24296875 0.1140625 0.0328125
0 0.63203125 0.34296875 0.16875 0.084375
0 0.5015625 0.23515625 0.09375 0.0578125
0 0.5625 0.0953125 0.1328125 0.046875
0 0.84375 0.16484375 0.1546875 0.0546875
0 0.8421875 0.32109375 0.1234375 0.1109375
0 0.946875 0.2984375 0.065625 0.0640625
0 0.6203125 0.33515625 0.1984375 0.0734375
0 0.45 0.13671875 0.096875 0.053125