0 0.6 0.184375 0.175 0.253125
0 0.69375 0.33359375 0.125 0.1515625
0 0.8125 0.31484375 0.0796875 0.1171875
0 0.57109375 0.42265625 0.1359375 0.19375
0 0.4640625 0.2875 0.18125 0.2734375
0 0.3953125 0.678125 0.1671875 0.1921875
0 0.31328125 0.83828125 0.1125 0.11875
0 0.53125 0.6046875 0.084375 0.1046875
0 0.58359375 0.5890625 0.0609375 0.078125
0 0.6421875 0.56328125 0.0578125 0.078125
0 0.67578125 0.47421875 0.06875 0.09375
0 0.64140625 0.709375 0.05 0.0671875
0 0.6859375 0.803125 0.040625 0.0609375
0 0.62890625 0.859375 0.059375 0.0984375
0 0.5546875 0.98046875 0.08125 0.0390625
0 0.4453125 0.946875 0.0703125 0.09375
0 0.49453125 0.83515625 0.0828125 0.103125
0 0.5859375 0.76171875 0.053125 0.071875
0 0.25859375 0.51171875 0.128125 0.1375
0 0.0953125 0.6546875 0.190625 0.440625
0 0.4640625 0.4984375 0.096875 0.1078125
0 0.86953125 0.25078125 0.040625 0.0609375
0 0.77578125 0.5359375 0.0328125 0.05625