0 0.4013696774215367 0.46194930072404283 0.2591054420993359 0.3325237880330894
0 0.3973008773787555 0.1633027153882702 0.15615591645877275 0.23450336401972635
0 0.26125206141532076 0.19767662070336195 0.18776978949430206 0.24267949069063527
0 0.139946449752331 0.3844942733529536 0.279892899504662 0.3752385467059073
0 0.25346506265817503 0.6501749120384982 0.2029966832079957 0.26784312269254434
0 0.41125613792723464 0.7028197487269063 0.09797523531769166 0.15886701734563574
0 0.5015921935515871 0.6765123347389966 0.03528683664159917 0.053506808004454245
0 0.48590530500518003 0.22452257340067874 0.08245724317557439 0.12745338534372674
0 0.5479771577768295 0.38548789274345097 0.05861732878371626 0.08501134667409058
0 0.49492708643671135 0.34969529606936045 0.04691784946188058 0.10205339600572705
0 0.5330327462804556 0.5385219860757238 0.06130568114108108 0.07567270934118149