0 0.5993061177061103 0.30728305753045254 0.0435596494796016 0.11802810919158375
0 0.5511961663266293 0.3166370735695815 0.05868668249628843 0.13924177513842756
0 0.2235801786511012 0.45207723241971154 0.17165142921692808 0.2741755845145814
0 0.605431044209505 0.49893963140457587 0.03707063206674697 0.08335272054263569
0 0.45560254183465576 0.6613964659191574 0.05384869629109836 0.07664164558877821
0 0.29179351085413385 0.27290206971207015 0.05425148801421233 0.11404151603912896
0 0.3949118668015991 0.2960811489848643 0.04306168249628843 0.1382404796419344
0 0.5204683825169731 0.9268922555555544 0.06075379353213641 0.08954216378737527
0 0.6091325763216805 0.49478305753045254 0.04784435775648745 0.08092862739018099
0 0.6643025124360136 0.7248419949150963 0.03663462008095948 0.1938897023440383
0 0.5812210967867528 0.8297180644702828 0.033208647670579336 0.06908996144333698
0 0.613361889414378 0.8895844178017704 0.030827276119281776 0.05336483189368764
0 0.7666927708037565 0.5097701025655204 0.039042567842395924 0.09126535009228505
0 0.8205337437799635 0.4302840592284955 0.03583568068726635 0.08950259099298634