0 0.413687261476841 0.5252234352721391 0.1274580005042031 0.14823860001590852
0 0.45958499747898457 0.7284297039306395 0.14911447921687965 0.14536813868554468
0 0.5055569592669384 0.23844959392904874 0.1009283514929388 0.12607269867918128
0 0.6262297282084734 0.14259110658023125 0.16034691015912905 0.17203972668681727
0 0.5153464945521183 0.03471371063416059 0.08336951089576328 0.06942742126832117
0 0.39489796471482014 0.20226774061109346 0.07188570767745457 0.06796929734245412
0 0.33709118253173337 0.28100181528486584 0.06694683540139543 0.08664657200827239
0 0.33394476717682414 0.41530408995068413 0.07086951089576328 0.07576361600890866
0 0.3027936841212172 0.5928660159532294 0.05277507475773371 0.08492044000636341
0 0.22609442632754712 0.5398961046308198 0.04997785668871888 0.08957157733927232
0 0.2334756015698134 0.6241165632956835 0.03761996832111638 0.06913180800445425
0 0.738365561340955 0.7158184265595504 0.45629210275344645 0.49709646005727015
0 0.48438716359019834 0.37374220393063956 0.12432229282674853 0.08106928134945379