0 0.48515625 0.53671875 0.2640625 0.0671875
0 0.5921875 0.80078125 0.1546875 0.15
0 0.740625 0.68828125 0.2625 0.10625
0 0.79296875 0.60703125 0.1984375 0.0578125
0 0.6484375 0.6171875 0.0953125 0.0296875
0 0.453125 0.61875 0.178125 0.0484375
0 0.7203125 0.95078125 0.1578125 0.0984375
0 0.13125 0.640625 0.190625 0.11875
0 0.28125 0.5234375 0.1609375 0.0734375
0 0.3796875 0.37890625 0.0796875 0.04375
0 0.53984375 0.42734375 0.0828125 0.0515625
0 0.6546875 0.378125 0.0703125 0.046875
0 0.753125 0.47734375 0.1046875 0.0828125
0 0.6796875 0.290625 0.1171875 0.071875
0 0.26875 0.32265625 0.0828125 0.04375
0 0.0953125 0.4125 0.10625 0.071875
0 0.13515625 0.3375 0.0875 0.046875
0 0.046875 0.4859375 0.0875 0.071875