0 0.7122074566359105 0.17239487965041653 0.16335561736154425 0.22000761452679152
0 0.4362791139401846 0.40717723442894577 0.1297067760184536 0.14564623195336796
0 0.13814850724064062 0.6717421775897573 0.12340223201781737 0.14048513527271583
0 0.22256096459263977 0.527967021571117 0.11397268801718105 0.13508724025173785
0 0.4266848432527309 0.5608942302797608 0.12776246801399935 0.11271533278320493
0 0.635568947247004 0.5872162414779156 0.16480902936027153 0.21075101369695445
0 0.5568155965547779 0.7812990508159038 0.25616018801718105 0.1458615647365729
0 0.37559396324000427 0.6584330037249776 0.11092041335136278 0.1411004419114116
0 0.7561648999443207 0.3524958541306073 0.19106244668999892 0.1862012995897259
0 0.8595036972072331 0.8629579122191956 0.22332950668363552 0.14181268216314963
0 0.9254796159691377 0.15701464292316375 0.145877216024817 0.19370522365499818
0 0.3047045866486372 0.10960626264804729 0.14175224267981754 0.10753092531467216
0 0.1308819945894581 0.5583308730256539 0.06511701734563582 0.0954793659766839