0 0.12718068164496465 0.6551017061679351 0.1840520542357774 0.1562748257680484
0 0.07685773588074205 0.5031919765863551 0.1373589106622681 0.16088791469812272
0 0.28473373502281224 0.3470040078893663 0.25563754922121246 0.20248019237293685
0 0.3675020855768082 0.13639637930357823 0.20841555674305984 0.13527284500534212
0 0.8855531227903338 0.6354440699472347 0.20325199828414037 0.33332839908902623
0 0.8878887934152248 0.0982615284774224 0.22265991316955044 0.14201391832631982
0 0.5054159595542762 0.28823667621568616 0.07235838479802048 0.07276786660488854
0 0.7038450993668618 0.2685764845605394 0.1473416644231918 0.12845736061443871
0 0.7604324169969813 0.39333343710027735 0.16044941818411546 0.09613593393541642
0 0.5601191460807917 0.04771336913677724 0.21569920783841656 0.06372522721932725
0 0.3875187880714554 0.6579365626060225 0.15116534639736087 0.09893355172143128
0 0.4714414955141605 0.757058598085385 0.10741534639736088 0.0974057680561673
0 0.6116562847062431 0.48041923093234234 0.06008570533113407 0.0801438569862416
0 0.057908125231109206 0.15999504809323423 0.08127874373179385 0.05747024881887364
0 0.5578529862764535 0.3674901557972661 0.1387562746106063 0.10162204210278443