0 0.6739464280852744 0.6470301803913234 0.2681169934412793 0.2636606493794972
0 0.7496137341690252 0.4187029404204533 0.14577724672063966 0.1321713054894186
0 0.8517151447299032 0.39617105938335634 0.13598616689245624 0.15372805674305984
0 0.6440387635676673 0.3450956073509276 0.11222776232447203 0.11715405925034225
0 0.32908771370395284 0.1063576485880742 0.45817542740790573 0.2127152971761484
0 0.4706554110111041 0.8438610309453194 0.32912973654387445 0.296638285431159
0 0.8787158152404041 0.6426368824237523 0.06849105042954129 0.05659699247815268
0 0.9665240555736947 0.6048209821863253 0.06695188885261061 0.0644549565847754
0 0.7533318764125376 0.3403506198873399 0.06849105042954129 0.0565969924781526
0 0.9940000627540133 0.32524113077439953 0.011999874491973372 0.03367631802583091
0 0.9558051011977667 0.30707380397307993 0.040120388964152195 0.051091138558944316