0 0.28828125 0.27265625 0.0421875 0.078125
0 0.328125 0.4828125 0.0765625 0.175
0 0.4078125 0.5578125 0.0546875 0.096875
0 0.4109375 0.68515625 0.06875 0.1328125
0 0.35078125 0.81328125 0.059375 0.178125
0 0.3015625 0.7125 0.0828125 0.15
0 0.3109375 0.87265625 0.053125 0.1125
0 0.26640625 0.971875 0.0703125 0.05625
0 0.40859375 0.90546875 0.0484375 0.084375
0 0.31953125 0.08125 0.0578125 0.078125
0 0.325 0.3421875 0.034375 0.0578125
0 0.321875 0.2875 0.0296875 0.053125
0 0.3828125 0.3234375 0.0359375 0.06875
0 0.4171875 0.41015625 0.0390625 0.0734375
0 0.13125 0.89453125 0.203125 0.2109375