0 0.3734375 0.10546875 0.1921875 0.14375
0 0.09765625 0.07578125 0.1328125 0.084375
0 0.8078125 0.56015625 0.384375 0.1734375
0 0.55078125 0.55859375 0.2734375 0.1703125
0 0.24140625 0.33125 0.35 0.25625
0 0.4421875 0.26328125 0.1375 0.13125
0 0.621875 0.25234375 0.109375 0.159375
0 0.3703125 0.49765625 0.325 0.2578125
0 0.91640625 0.5125 0.078125 0.0703125
0 0.146875 0.61328125 0.1546875 0.075
0 0.05390625 0.24609375 0.1078125 0.1609375
0 0.49453125 0.04375 0.0796875 0.0875
0 0.678125 0.3796875 0.1109375 0.0734375
0 0.55390625 0.38984375 0.0875 0.1125