0 0.7272474112382467 0.3770707242564762 0.1865394448207603 0.2631423078880957
0 0.9444902643028363 0.5725804433380823 0.11101947139432725 0.19635662697434597
0 0.82116558683713 0.5378054694825913 0.24830246042459264 0.2538157746946167
0 0.9852801599950511 0.3455909682331916 0.029439680009897627 0.11773287427505377
0 0.9540556148232348 0.3234917479021856 0.09188877035353045 0.15854805103961844
0 0.5662766909755731 0.5382953346340829 0.19576395861557022 0.20158950124939992
0 0.6612074106724197 0.5836535335944644 0.15020579715018095 0.19346842531467204
0 0.8192766174789676 0.7112905136737325 0.09166960085908257 0.11588695435896632
0 0.2825800424004826 0.46802333650818256 0.178733588873295 0.23298121120744356
0 0.40137314450276057 0.819039539617749 0.15825731456303557 0.22831702199532417
0 0.5397572930778511 0.9003226605688106 0.10030097241038013 0.1321039502097811
0 0.6207140439823623 0.9185030528904964 0.12276247060135788 0.08556083693238961
0 0.6802484170039979 0.7524151889884048 0.07761374491161739 0.08525226099766207
0 0.8990870324508599 0.1538430213474024 0.1460229081860291 0.14335002614450915
0 0.7321927815463487 0.14217458338468292 0.1670657485296619 0.1885208161864654
0 0.2594756558111797 0.26662677986948674 0.2277177227490644 0.3658654888018453
0 0.20136218340079956 0.15713707116084288 0.24334936680159913 0.31427414232168577
0 0.07770991519497553 0.7494429703310059 0.08532442559888347 0.17298905933798814
0 0.2848230523501053 0.7353175802844053 0.17913638059640907 0.2703628120372805
0 0.3235723710970123 0.8461124477109816 0.13310682835784543 0.16415943361304172
0 0.41276991067241975 0.6024790016503851 0.13548155585660826 0.2094719336130419
0 0.39150134102100165 0.4660445941818524 0.13349633197589003 0.26067923610255284
0 0.16829397161741064 0.7417945684615506 0.14674660447712728 0.21655072780418294
0 0.09450351028830697 0.48619668651282694 0.09742163387576941 0.13655465186945542
0 0.940398022951463 0.7625076263264242 0.08524918249628825 0.14185745850815118
0 0.74375 0.13074847945456827 0.5125 0.26149695890913655