0 0.6638464149054777 0.5423547995016629 0.22438289734428024 0.17681852559985298
0 0.6354093601597722 0.8691061551495022 0.3625646742752517 0.2617876897009957
0 0.4509373487468949 0.45842468074935516 0.10512383723582168 0.0817086798265045
0 0.6294436229473916 0.40113951418420246 0.10674087939029953 0.09118380937615385
0 0.791648186277304 0.3607717373477318 0.14407725292686618 0.0654619185677376
0 0.6445413821207738 0.31151580968069564 0.08312157220870695 0.05843186613141409
0 0.7223391291939076 0.26027228716316164 0.059665891490547907 0.053804922886674156
0 0.46073452956325 0.39735677282207577 0.0956033914905479 0.056107902528608554
0 0.5533805718159236 0.34784573102621036 0.08309430113146803 0.05374436613141409
0 0.5177470779642437 0.26356156615910065 0.09712953005422928 0.04995803207825791
0 0.4026765898681003 0.3514644794850509 0.08776362041330898 0.05091975478036197