0 0.4390625 0.47109375 0.2125 0.171875
0 0.5421875 0.16328125 0.3265625 0.2953125
0 0.921875 0.36484375 0.15625 0.2078125
0 0.55078125 0.6453125 0.09375 0.075
0 0.4734375 0.6640625 0.0703125 0.06875
0 0.42421875 0.6125 0.11875 0.08125
0 0.32578125 0.53046875 0.1765625 0.140625
0 0.29453125 0.60625 0.115625 0.078125
0 0.3484375 0.65390625 0.078125 0.0515625
0 0.31171875 0.709375 0.0578125 0.046875
0 0.2421875 0.68984375 0.0640625 0.0515625
0 0.37109375 0.6921875 0.075 0.0515625
0 0.45703125 0.746875 0.0703125 0.053125
0 0.509375 0.725 0.0640625 0.04375
0 0.57265625 0.696875 0.0828125 0.0609375
0 0.6359375 0.66328125 0.05625 0.0453125
0 0.346875 0.7828125 0.0390625 0.0421875