0 0.6007116848620887 0.9189006063732466 0.2492262176006804 0.1621987872535069
0 0.3783183296899456 0.925047281672809 0.1733531983633867 0.14990543665438202
0 0.25822660681660564 0.6149544177377646 0.09814981252120454 0.08903029121570664
0 0.1633605070019401 0.8187493553102305 0.15562006134007814 0.17318189273291545
0 0.14172609837908515 0.6978948503092608 0.11248513103285877 0.09799070303441741
0 0.1805827564537859 0.6172346527348551 0.08068949400955021 0.0798147878817268
0 0.16290166081547164 0.9329079659112951 0.1612698606144387 0.1341840681774098
0 0.49496517106709065 0.835632805928752 0.1937004146981227 0.14824553667377885
0 0.4082067594490108 0.6726388562283144 0.10500001324684387 0.1067279742462448
0 0.5803620124442357 0.7235151853257479 0.13512402286549072 0.12165134364130097
0 0.4690227522774347 0.5240417306243405 0.09318949400955034 0.08083515394280312
0 0.4078669974681112 0.5253174460765936 0.059613102176918176 0.056281693032477875
0 0.35988087605389935 0.5981811191051921 0.11555556733052796 0.0966832945496865
0 0.3829240503706689 0.4543353953179892 0.032286710344286276 0.03223841515269079
0 0.4438714740544663 0.4365896569869189 0.04651290145127866 0.03807382697140156
0 0.6095336795894292 0.4266082344173624 0.08365080290255769 0.0753823793969957
0 0.5828843556354792 0.5615413438104788 0.09022818511654265 0.08526756242753386
0 0.6335316855798789 0.5022140122971495 0.07723711179556503 0.07018469636645772
0 0.6788863363981855 0.59444918078382 0.13134425843752062 0.10264625212603189
0 0.8010837402117172 0.7297803871522174 0.10634425843752027 0.10060552000387943
0 0.7614160942027339 0.6317416288172677 0.10741568511654283 0.08667056576151388
0 0.8159250341286001 0.5515756388192073 0.04560516587924894 0.05669628121376711
0 0.9076908603599847 0.9077136817019038 0.13016370435383634 0.11345620636839726
0 0.31354656779386414 0.46669213198206966 0.08392362141421188 0.0831948793969957
0 0.2514632300449161 0.4945303474343229 0.0567063569862416 0.06227660151720862
0 0.2878397288637898 0.4175850812234653 0.056542665879249124 0.05758910151720862