0 0.5878781185184379 0.6198695340612501 0.7853749921656966 0.7575156434354554
0 0.27685302418310676 0.27879157874981053 0.12518036661563353 0.15850336729005096
0 0.08930660323257963 0.7439403766598248 0.17861320646515927 0.2871192466803503
0 0.22735179540046394 0.5735409973677215 0.09571835969555131 0.12552724082661798
0 0.1907895542977125 0.5315762111651721 0.07508752471457933 0.11759656615858276
0 0.38772951578014975 0.31798082289607804 0.14670253954332696 0.188309041958086
0 0.2366670814837498 0.402433611829102 0.09033052273741297 0.10831246974937905
0 0.13243452072306564 0.2960341417851354 0.09635502965749523 0.1411522408266178
0 0.3065099851712524 0.06956709055547135 0.11198002965749528 0.1391341811109427
0 0.45072555878351783 0.11375641032829145 0.15474053262324466 0.15555108411256366
0 0.4707926610646954 0.025312575626552564 0.0865396778706092 0.05062515125310513
0 0.3756605973010806 0.3266427505891752 0.14765754448624283 0.211746541958086
0 0.12600149551419465 0.415574482144215 0.0888316897336074 0.10986587939029935