0 0.5016959064196256 0.45146118735404805 0.247257198759889 0.2041847839891055
0 0.22640602819587965 0.7895050318523797 0.23539581618646538 0.17082625241907454
0 0.7163620576643811 0.44129171387416877 0.21437292116548737 0.16026818401734033
0 0.6327394611842216 0.7339489217102069 0.21872853444287887 0.13563220506402765
0 0.6604350568391885 0.25554320064940195 0.410279262247062 0.2821263154179623
0 0.3792111354732085 0.156705755332259 0.5165777290535829 0.313411510664518
0 0.3439631489464484 0.634097924058694 0.11441954274124858 0.11400085779368574
0 0.3892826912634898 0.8982444530684763 0.14460395020978148 0.10175846302712302
0 0.9125947497762853 0.602534508810141 0.08174875269929238 0.09343075256024883
0 0.8291767533007703 0.7077295140012256 0.11086756763635783 0.06712585779368574
0 0.6823474522611519 0.8080619849208561 0.17043274440092268 0.11415204721387226
0 0.4644980240466948 0.7678597320782587 0.12879061867597627 0.15995039462538863