0 0.4481389380448297 0.8684457865693979 0.38603853571157 0.2631084268612042
0 0.05717513310273251 0.8450383893968517 0.11435026620546503 0.17757677879370348
0 0.13420422395279147 0.7128792917531942 0.19148858411256367 0.1651150264846292
0 0.228631455704223 0.6046751039587496 0.2352567648307229 0.17206765551388853
0 0.294020627249 0.5165981969842587 0.13487496974937896 0.09769378916129608
0 0.4603859706331418 0.5381881073991195 0.08470225292686635 0.06363185598499985
0 0.7648366004162245 0.7399131600855541 0.16457156010845858 0.10185360885972194
0 0.7976758506126163 0.8725397323758781 0.21478972872636942 0.14372804203601816
0 0.8554469231159109 0.97867711489199 0.12565450585373233 0.04264577021601994
0 0.7831467597625574 0.548448121489906 0.10658634328594588 0.06710817049962933
0 0.7772194675098838 0.49243256734286883 0.07054884933607006 0.0467765466541664
0 0.41478764520298095 0.4489991768147214 0.2661976926220159 0.12167667624907352
0 0.46821262705260835 0.40208451206453616 0.0955852107723885 0.05521376324231468
0 0.5246853408500589 0.36872449938786933 0.11600679508134384 0.07574087672018495
0 0.4666364915139889 0.40429156102777686 0.1065318011314682 0.05773317049962934
0 0.5358728257247485 0.3267126566451842 0.05952044574527378 0.03019463939685174
0 0.5640927536142373 0.44721037582523043 0.08772725897699055 0.0467177580585183
0 0.6644063710024841 0.40205299217782275 0.039217036104353474 0.02998002591898139
0 0.7493717234618121 0.4423156986812023 0.07054884933607006 0.0467765466541664
0 0.6931399041799713 0.434269461357869 0.028252265027114733 0.024335618661666558
0 0.6537688528521114 0.349533584920508 0.05016362646343318 0.03249943317629622