0 0.471875 0.79453125 0.0984375 0.1140625
0 0.62734375 0.87734375 0.1046875 0.065625
0 0.43125 0.61875 0.0609375 0.05625
0 0.32890625 0.7 0.0625 0.034375
0 0.08359375 0.92421875 0.0984375 0.1046875
0 0.3609375 0.95234375 0.0765625 0.078125
0 0.61015625 0.65703125 0.1671875 0.059375
0 0.6109375 0.5546875 0.046875 0.05
0 0.72734375 0.5859375 0.065625 0.0453125
0 0.62109375 0.47265625 0.0390625 0.0234375
0 0.74765625 0.64765625 0.075 0.0625
0 0.37734375 0.5265625 0.05 0.046875
0 0.675 0.47734375 0.028125 0.0484375