0 0.61796875 0.2890625 0.5484375 0.578125
0 0.48203125 0.81015625 0.1703125 0.23125
0 0.60546875 0.903125 0.2921875 0.19375
0 0.34375 0.71640625 0.084375 0.115625
0 0.39453125 0.6046875 0.075 0.090625
0 0.840625 0.5421875 0.1859375 0.2078125
0 0.4421875 0.51328125 0.0671875 0.05625
0 0.25390625 0.88671875 0.0890625 0.1
0 0.26171875 0.78671875 0.090625 0.096875
0 0.3328125 0.93125 0.03125 0.053125
0 0.33125 0.41171875 0.071875 0.1046875
0 0.3859375 0.24921875 0.084375 0.140625
0 0.3390625 0.20625 0.0953125 0.1625
0 0.29296875 0.334375 0.0796875 0.103125
0 0.2109375 0.2875 0.0546875 0.0765625
0 0.16015625 0.33203125 0.040625 0.05625