0 0.33984375 0.4609375 0.1578125 0.1984375
0 0.53359375 0.5125 0.171875 0.165625
0 0.6671875 0.50234375 0.0828125 0.1609375
0 0.803125 0.575 0.0859375 0.096875
0 0.10078125 0.43359375 0.18125 0.328125
0 0.09375 0.190625 0.1125 0.1515625
0 0.23203125 0.1984375 0.1203125 0.1328125
0 0.84140625 0.18125 0.290625 0.2
0 0.85 0.36328125 0.3 0.109375
0 0.93359375 0.53515625 0.1328125 0.14375
0 0.33828125 0.87578125 0.1359375 0.153125
0 0.3859375 0.6390625 0.184375 0.1375
0 0.3359375 0.05859375 0.0671875 0.084375
0 0.35546875 0.18671875 0.078125 0.075
0 0.51171875 0.2046875 0.1375 0.1640625
0 0.0328125 0.05 0.0609375 0.090625
0 0.17109375 0.03125 0.196875 0.0625
0 0.85625 0.73359375 0.1125 0.1453125
0 0.96484375 0.7265625 0.0703125 0.1734375
0 0.6359375 0.34453125 0.10625 0.0984375
0 0.66796875 0.22421875 0.053125 0.0921875
0 0.17421875 0.77578125 0.171875 0.221875
0 0.6875 0.0296875 0.3265625 0.0546875
0 0.95703125 0.04296875 0.0859375 0.075
0 0.3984375 0.0375 0.04375 0.053125