0 0.56328125 0.8234375 0.1328125 0.2546875
0 0.69375 0.68203125 0.0953125 0.121875
0 0.5578125 0.5828125 0.096875 0.1484375
0 0.42734375 0.70234375 0.2171875 0.265625
0 0.4234375 0.3265625 0.1484375 0.1921875
0 0.54609375 0.4046875 0.0703125 0.1140625
0 0.59453125 0.4140625 0.04375 0.0671875
0 0.6515625 0.45625 0.046875 0.0828125
0 0.671875 0.546875 0.0578125 0.096875
0 0.78984375 0.725 0.0453125 0.0984375
0 0.72421875 0.56015625 0.03125 0.06875
0 0.62265625 0.25859375 0.0484375 0.0796875
0 0.6703125 0.16796875 0.053125 0.0828125
0 0.715625 0.228125 0.046875 0.0640625
0 0.6703125 0.31171875 0.0375 0.0625
0 0.5 0.0453125 0.059375 0.075
0 0.625 0.01875 0.06875 0.0375
0 0.75390625 0.4734375 0.025 0.040625
0 0.7796875 0.5046875 0.028125 0.065625
0 0.83671875 0.60390625 0.0265625 0.0578125
0 0.7546875 0.3828125 0.03125 0.059375
0 0.7546875 0.278125 0.0234375 0.0515625
0 0.71484375 0.3234375 0.01875 0.0390625
0 0.7296875 0.28984375 0.021875 0.0484375
0 0.821875 0.53515625 0.0171875 0.0421875
0 0.69609375 0.44140625 0.0359375 0.0578125