0 0.43984375 0.83671875 0.121875 0.1375
0 0.52734375 0.75390625 0.0796875 0.078125
0 0.7953125 0.69609375 0.10625 0.078125
0 0.909375 0.7328125 0.0734375 0.0765625
0 0.70390625 0.559375 0.0890625 0.0609375
0 0.5921875 0.5890625 0.075 0.0546875
0 0.4296875 0.5171875 0.0671875 0.05
0 0.29375 0.6625 0.140625 0.1390625
0 0.2109375 0.54140625 0.0515625 0.05625
0 0.32421875 0.54296875 0.065625 0.0625
0 0.31484375 0.4671875 0.1421875 0.0640625
0 0.890625 0.58046875 0.08125 0.0703125
0 0.62578125 0.73984375 0.071875 0.0875
0 0.46484375 0.6 0.0796875 0.0859375