0 0.38503144662903666 0.55859375 0.2693590540583344 0.1046875
0 0.8339411244203297 0.61171875 0.19726588544042373 0.0671875
0 0.5003559438985621 0.74453125 0.43668290944452864 0.128125
0 0.8605253085563345 0.8765625 0.1839760659621909 0.2
0 0.8091643590986275 0.4390625 0.23821813836728972 0.1234375
0 0.33640811514875163 0.45625 0.18329428903121964 0.0828125
0 0.15284059446429624 0.7203125 0.135184041958086 0.1390625
0 0.19429281714054145 0.578125 0.11468973477649361 0.1078125
0 0.4204427475641131 0.38046875 0.12105790944452863 0.128125
0 0.5967189012531051 0.4296875 0.1335488190854491 0.1265625
0 0.16670921438662584 0.35078125 0.19444086729005097 0.11875
0 0.5385529190106944 0.221875 0.13934430113146803 0.0484375
0 0.7271836269544124 0.29609375 0.12851588544042353 0.0671875
0 0.9523729618525429 0.66640625 0.06594316256778683 0.0546875
0 0.09474122727244114 0.90390625 0.14898292154477705 0.09375