0 0.6704314189090314 0.8143823927226711 0.1405413981258558 0.27568892946385726
0 0.7372646000917775 0.4742058333846829 0.11627352084968248 0.13821224025173784
0 0.584138285431159 0.27049160538000716 0.04990437476889085 0.1612460759347277
0 0.6660833042357774 0.09985795143595935 0.09301787727617317 0.1426862526992924
0 0.4629295605039836 0.06256133682053253 0.08171666442319178 0.12512267364106505
0 0.4522734861434394 0.5553070811095978 0.05638169530200408 0.16953217261537964
0 0.4982214497878437 0.8697122006107669 0.04620506175762475 0.08769017676456485
0 0.4589460011206272 0.8922626294499238 0.028699313011266093 0.07545028589277152
0 0.3838106426490725 0.5972945941818524 0.03277905925034234 0.1084995842330974
0 0.3814177653728992 0.46123869501168946 0.021858279625171128 0.05466418921211939
0 0.36326481043747655 0.5369966342238086 0.020704956584775315 0.06860829004195637
0 0.35577159303214856 0.25256243463872713 0.03173338479802066 0.0725620842330974
0 0.3507494047232663 0.8065045734359281 0.03504024122451135 0.07904888257342364
0 0.36851591475239626 0.7174653842238087 0.031324207838416565 0.058499584233097576
0 0.41870744602692006 0.9086222578741625 0.02818248746358769 0.11126938672260848
0 0.7211204260351674 0.5920920730117207 0.061193564264907255 0.06699916846619498
0 0.34054637595602505 0.5903943213613356 0.02718227711788863 0.07689438672260848
0 0.3477247269722394 0.48728097675527593 0.020841348904643377 0.07329579004195637
0 0.31596024993349303 0.44505851057345486 0.018596887305303157 0.049739890871793334
0 0.3859341176427548 0.3473654491608743 0.03655727711788872 0.0776047817435865
0 0.30740623317393856 0.9045285989557371 0.028790241224511348 0.07857528589277152
0 0.27433165723054886 0.7903719331888347 0.0289266335443795 0.08326278589277152