0 0.85 0.59765625 0.2875 0.38125
0 0.96015625 0.1890625 0.0796875 0.2
0 0.8265625 0.24609375 0.1453125 0.1890625
0 0.68203125 0.28671875 0.1484375 0.2328125
0 0.5703125 0.309375 0.084375 0.134375
0 0.5125 0.46484375 0.0546875 0.084375
0 0.55390625 0.81484375 0.084375 0.1640625
0 0.659375 0.89453125 0.121875 0.2109375
0 0.78515625 0.97578125 0.1515625 0.0484375
0 0.36953125 0.75546875 0.05625 0.1046875
0 0.32109375 0.728125 0.040625 0.0703125
0 0.45234375 0.38984375 0.0953125 0.265625
0 0.38359375 0.41875 0.0453125 0.0953125
0 0.3265625 0.45546875 0.0640625 0.115625
0 0.3859375 0.4171875 0.046875 0.10625
0 0.2828125 0.4484375 0.025 0.059375
0 0.3796875 0.52109375 0.0375 0.0875
0 0.29140625 0.5921875 0.025 0.0390625
0 0.28828125 0.68359375 0.040625 0.0703125
0 0.3078125 0.63046875 0.021875 0.028125
0 0.2484375 0.56171875 0.028125 0.05