0 0.26973912431143704 0.679296875 0.5394782486228741 0.64140625
0 0.5912638892297576 0.3799859648900471 0.09017794515850959 0.19118201089576328
0 0.45452877696170313 0.24549671438584397 0.11922771637033698 0.1854454631253363
0 0.6620562975453107 0.8602904599463684 0.12337308243141329 0.19816398441265975
0 0.8459837269520047 0.532154024312542 0.11326475879399141 0.16949268119435104
0 0.7157370860552573 0.19304832962453766 0.0642534318225902 0.12101162252816074
0 0.6776954678681492 0.33181589868228817 0.05532497091226496 0.08776207995351379
0 0.8534302098230635 0.7393163142892989 0.03644742515463051 0.08488845222957302
0 0.7989340284595153 0.7331484417611381 0.042059696366457545 0.07751299480421991
0 0.8897022917954349 0.6703531468407028 0.04320760818516831 0.09157549480421992
0 0.8894317405777885 0.8180476016681657 0.052678203034417594 0.11243429802252862
0 0.7381087434527265 0.910394002773117 0.06865414727484342 0.06072968639013112
0 0.7582924083155531 0.5283791782674848 0.08405549091614439 0.1923074683211162
0 0.822449342723217 0.16593916242804302 0.10503767061270253 0.1828996173323806
0 0.9335158067983442 0.5956316522885844 0.03829696757828529 0.06948197351689629
0 0.9250501183077944 0.7474673038977387 0.026307150608823094 0.0748578883676025
0 0.9246200704241279 0.8778649980815401 0.02423446757828529 0.06849862772394069
0 0.33898288060494386 0.0535609506400891 0.18128169303247788 0.07015895273377606
0 0.6519934504493436 0.18466239323440653 0.04311201333591956 0.07137225544788164