0 0.48664382248062205 0.7342742227068071 0.1822045373200453 0.36367300992479734
0 0.6044530837393891 0.689608077959656 0.07255252775932135 0.1840882096771285
0 0.8877152552417872 0.6450039375557312 0.22456948951642558 0.3408562481379732
0 0.6816316432724264 0.4266478515333046 0.14889378469915152 0.2328211162111037
0 0.31895236813399885 0.39182351116765174 0.09635097316352939 0.1665026033908222
0 0.3052358173957183 0.11664157464988709 0.11786502775932126 0.18619867328319833
0 0.15876943244739816 0.2276797361462611 0.03549501387966063 0.09200771753501132
0 0.1919731562292364 0.19557355748637933 0.020370661627907218 0.09909247146395268
0 0.21947759253414595 0.17235222725492094 0.029706088833518152 0.07460189371369372
0 0.22305528454226806 0.5827824590579559 0.05075906847545246 0.11141268899896399
0 0.31296888571428727 0.5919155564529219 0.06646321406423077 0.16199488585581073
0 0.4728610132613518 0.2624163393321955 0.0857348457733483 0.12238873035529281
0 0.1631634430878563 0.3818406972711316 0.03711807063492083 0.06871576674922295
0 0.21958342380952484 0.3941009487188737 0.02557979333702489 0.05883134449948209
0 0.2494013317368043 0.3825255938803095 0.01892927513842757 0.052290246071058546
0 0.0964289211886312 0.2697623823411542 0.049657643429309936 0.094225188998964
0 0.4642708559523812 0.07945829011798378 0.0913235117201923 0.13666955417661045