0 0.29731463605981545 0.4576429839326358 0.10694198535963517 0.19984735253201383
0 0.20551967675840488 0.6872934156014889 0.18692038669636224 0.2294886208772784
0 0.38026513808876866 0.6756110049087359 0.05319882001909004 0.14362817363517094
0 0.43503335940481486 0.5515434443289225 0.07661813868554468 0.14343075256024881
0 0.40607147071927036 0.4108883522496652 0.04972837468172653 0.1137586631118273
0 0.4882021707113161 0.35711788111827325 0.04782042934436319 0.08398015785015547
0 0.3614471246817266 0.1319142128153612 0.06033861067790856 0.08627069994353027
0 0.09524941267504507 0.06722456833114687 0.12018632535009013 0.13035389988706053
0 0.10005673337045284 0.2790798262236546 0.08304995202099903 0.15941977360693613
0 0.33042132145126735 0.8874060786427289 0.08061474801081765 0.0843287683452644
0 0.40915484878258557 0.8771580943571575 0.03693747334499946 0.08803062101845249
0 0.4633503580919503 0.703871783777344 0.07022268801718105 0.13056673151356132
0 0.5427191374124509 0.6140273047534442 0.030232940006363406 0.04860409997176518
0 0.39986528202577154 0.21300458909548556 0.06633407200827231 0.06475972099021768
0 0.4832777660327713 0.2693903679640936 0.03671929734245403 0.06928062101845249
0 0.1562394814608123 0.9415651446959759 0.1201681440165447 0.1168697106080483
0 0.4224991861075405 0.816258391712204 0.061464758672817865 0.0488617052052021