0 0.828125 0.74453125 0.2015625 0.1234375
0 0.91640625 0.878125 0.15 0.1328125
0 0.3421875 0.7890625 0.1015625 0.10625
0 0.19453125 0.7671875 0.05 0.0671875
0 0.8421875 0.590625 0.2453125 0.096875
0 0.6640625 0.53359375 0.40625 0.1828125
0 0.3078125 0.59375 0.2703125 0.1203125
0 0.53515625 0.6625 0.253125 0.153125
0 0.3328125 0.9296875 0.2203125 0.140625
0 0.659375 0.75078125 0.10625 0.09375
0 0.0984375 0.55 0.121875 0.1015625
0 0.621875 0.37109375 0.175 0.109375
0 0.4921875 0.4265625 0.121875 0.078125
0 0.08046875 0.70546875 0.0796875 0.0734375