0 0.51953125 0.3546875 0.2265625 0.1734375
0 0.534375 0.49609375 0.1609375 0.059375
0 0.57265625 0.58984375 0.15 0.0765625
0 0.3609375 0.63828125 0.1625 0.1328125
0 0.53984375 0.72109375 0.14375 0.0578125
0 0.44296875 0.79453125 0.1265625 0.0515625
0 0.78671875 0.371875 0.2328125 0.134375
0 0.7828125 0.20546875 0.24375 0.1484375
0 0.81484375 0.60546875 0.1984375 0.1
0 0.7140625 0.73828125 0.1078125 0.0484375
0 0.54765625 0.8375 0.053125 0.040625
0 0.44609375 0.88046875 0.0765625 0.04375
0 0.3203125 0.871875 0.09375 0.0625
0 0.2 0.86640625 0.06875 0.059375
0 0.08125 0.87578125 0.103125 0.0578125
0 0.19921875 0.7 0.1375 0.071875
0 0.29453125 0.5234375 0.140625 0.0828125
0 0.45390625 0.9421875 0.0484375 0.04375
0 0.8953125 0.7046875 0.1 0.053125
0 0.81875 0.7625 0.06875 0.05625
0 0.34453125 0.9515625 0.0625 0.0359375
0 0.01953125 0.94375 0.0390625 0.040625
0 0.26640625 0.96875 0.040625 0.0296875
0 0.2359375 0.91328125 0.0734375 0.034375
0 0.125 0.9546875 0.0328125 0.0171875
0 0.940625 0.64375 0.0953125 0.0796875