0 0.36875 0.3015625 0.1578125 0.153125
0 0.07890625 0.3921875 0.1578125 0.178125
0 0.15 0.4921875 0.1 0.0796875
0 0.43984375 0.496875 0.171875 0.078125
0 0.6234375 0.49453125 0.1546875 0.0609375
0 0.7296875 0.43828125 0.1421875 0.0546875
0 0.54609375 0.34140625 0.121875 0.084375
0 0.546875 0.43125 0.125 0.0484375
0 0.4140625 0.4078125 0.103125 0.0625
0 0.59375 0.1453125 0.121875 0.1296875
0 0.2546875 0.5703125 0.04375 0.0578125
0 0.32109375 0.59375 0.1015625 0.0390625
0 0.2859375 0.634375 0.109375 0.046875
0 0.38125 0.63828125 0.046875 0.053125
0 0.41484375 0.6609375 0.09375 0.0578125
0 0.51875 0.6109375 0.05 0.046875
0 0.63828125 0.64140625 0.0484375 0.0359375
0 0.57421875 0.65625 0.04375 0.0421875
0 0.515625 0.67265625 0.059375 0.046875