0 0.5703125 0.1859375 0.2953125 0.33125
0 0.5703125 0.49140625 0.1984375 0.11875
0 0.38984375 0.57265625 0.0890625 0.059375
0 0.4 0.621875 0.075 0.04375
0 0.65234375 0.5984375 0.1515625 0.075
0 0.54296875 0.63359375 0.1265625 0.0546875
0 0.65859375 0.66953125 0.115625 0.040625
0 0.46171875 0.66796875 0.0515625 0.0453125
0 0.54765625 0.7203125 0.0734375 0.0515625
0 0.60859375 0.75625 0.0671875 0.0390625
0 0.446875 0.7421875 0.0703125 0.071875
0 0.3640625 0.65859375 0.1046875 0.05625
0 0.1171875 0.2296875 0.128125 0.1125
0 0.24375 0.471875 0.0671875 0.0984375
0 0.66015625 0.89375 0.053125 0.0390625
0 0.60859375 0.8109375 0.059375 0.0390625
0 0.50625 0.8046875 0.046875 0.0234375
0 0.521875 0.77265625 0.05 0.0234375
0 0.54921875 0.825 0.0375 0.034375
0 0.678125 0.7609375 0.05625 0.0390625
0 0.3078125 0.60390625 0.0640625 0.05