0 0.4546875 0.3625 0.2921875 0.28125
0 0.56796875 0.13203125 0.4765625 0.2421875
0 0.628125 0.47421875 0.078125 0.096875
0 0.390625 0.59609375 0.2515625 0.1546875
0 0.503125 0.73828125 0.3125 0.225
0 0.20859375 0.68046875 0.1203125 0.071875
0 0.271875 0.803125 0.1640625 0.0859375
0 0.60078125 0.828125 0.1328125 0.0515625
0 0.86640625 0.659375 0.2453125 0.1984375
0 0.81875 0.78671875 0.1390625 0.0765625
0 0.634375 0.8984375 0.1375 0.04375
0 0.71328125 0.84296875 0.059375 0.0390625
0 0.825 0.8734375 0.090625 0.04375
0 0.47109375 0.90078125 0.11875 0.0484375
0 0.653125 0.89921875 0.1265625 0.0390625
0 0.06015625 0.82265625 0.1203125 0.0734375
0 0.04453125 0.92265625 0.0890625 0.0453125
0 0.225 0.896875 0.09375 0.04375
0 0.490625 0.12578125 0.496875 0.2515625
0 0.2078125 0.6828125 0.146875 0.090625
0 0.040625 0.71953125 0.08125 0.0515625
0 0.36015625 0.871875 0.0890625 0.0671875
0 0.87578125 0.4234375 0.1875 0.1125
0 0.64921875 0.48203125 0.0953125 0.0703125