0 0.7291234748427872 0.718195676807664 0.07161372158978559 0.16686384783255334
0 0.5768540426202644 0.9437752914461314 0.05084547970746058 0.05047484387822081
0 0.6364023664835263 0.8867002790888415 0.038337571427629946 0.13896434091247087
0 0.5403961655900218 0.796148216350991 0.0692409237011061 0.030926347832553346
0 0.5505757349890569 0.7496724643738247 0.04435001785690744 0.036157675893442945
0 0.7147358721655691 0.9162975957810249 0.07984323295387145 0.10162084980971961
0 0.7973574573929169 0.9238607449827221 0.05901253571381489 0.07110567885919253
0 0.4775372500032953 0.4614495641835442 0.04593979139585791 0.03778384288963732
0 0.4668742597425279 0.31199073365119656 0.10772277110331849 0.0887043557412186
0 0.35627590462967795 0.4312593398867068 0.06671594155801355 0.06517401384016441
0 0.43058615787608884 0.3782669910655704 0.039826159090609534 0.04534167490485981
0 0.48079288920840246 0.5432898131949611 0.0827227711033185 0.08768568380210837
0 0.6217099898570255 0.4313734505336602 0.20733303327818292 0.1599028765014653
0 0.7005735551988708 0.5647815167315519 0.1679432508107789 0.1395612015966055
0 0.7769038246773361 0.26188466840470703 0.2474943831160271 0.1349957184025195
0 0.8154463530875503 0.4242599930055557 0.15029210064862325 0.11229836463846717
0 0.5607570787378211 0.5689172128909499 0.0481841298696164 0.0769100098858317
0 0.9328775405883742 0.5397019677966848 0.11537162986961605 0.0796476907221905
0 0.8873296668078379 0.8233885596977389 0.1310432686676865 0.17240819368794008
0 0.6420734882354677 0.69597977859455 0.05723184740221221 0.05854201186299814
0 0.5697467004930579 0.8589692099252003 0.0556966209411625 0.060040844866803764
0 0.48703143222911327 0.7225953112177947 0.06647047970746059 0.051111513840164415
0 0.3715617597425279 0.31587442041905445 0.039771612012708776 0.04221667490485981
0 0.35880661526241503 0.3757269228905124 0.055260244317957154 0.03504084486680377
0 0.7495482122575903 0.1295005913324005 0.09486821509696383 0.06788251977166349