0 0.3020288607176795 0.35670657079180434 0.15023745202099903 0.16419980721668548
0 0.3790613386775904 0.0703504194952008 0.17527381468808995 0.1407008389904016
0 0.48144199868713533 0.12004147825765843 0.07927042401336308 0.10344397748246603
0 0.5004305453930427 0.4081026827611652 0.07385676535645355 0.1749184592838688
0 0.5064731020846325 0.5914461088870419 0.05648745202099903 0.15819203423772626
0 0.45460261409926817 0.7026630135751188 0.051654501352635405 0.1453916455887782
0 0.349386760741542 0.529584063851974 0.08264996268299925 0.12551923658176473
0 0.4392032387412238 0.521482864747138 0.046767006683635516 0.12790375693983033
0 0.41032316605663377 0.3912038818660012 0.06057496801399935 0.10692992288667416
0 0.15627310741563258 0.5966876280084898 0.1279442813494538 0.12686049352159506
0 0.5646550353675893 0.21634717690106905 0.05830339600572696 0.045892293337024895
0 0.590418651376498 0.2803701041066799 0.03711928668045381 0.1038654796419344
0 0.63061639003818 0.24104798581579753 0.043460193348181166 0.11207849784053163
0 0.6387567013844522 0.33590990284237565 0.052089758672817864 0.04861677513842757
0 0.6625760093889065 0.3672204595976358 0.05732269867918127 0.09579216378737562
0 0.6177094994032241 0.4756430313122907 0.04743862133990877 0.05144138648947951
0 0.6534662807526779 0.5921901812200057 0.03492044000636341 0.04907785009228505
0 0.6652117554105419 0.5265453948228112 0.04111589600572696 0.044790868290882455
0 0.6785833647358149 0.4662692288759673 0.04442270934118149 0.060616127390180984