0 0.2806476105471167 0.4528420918674959 0.11302415990702759 0.10306335779368574
0 0.16538968924012273 0.12867727879802082 0.20202095792955616 0.15181864718563745
0 0.12512994804219907 0.36519933674699834 0.13297602698730665 0.12134292093374785
0 0.5062592517647108 0.5414550837632266 0.15950567599857096 0.14467400512049763
0 0.505615123536567 0.3764671205949295 0.10826025025210165 0.07944384727034208
0 0.483969352501345 0.44523253114650807 0.03532549480421991 0.037848610495108834
0 0.36938659052030093 0.8081075380765338 0.31179942155909546 0.38378492384693247
0 0.0985227974414509 0.6523129288968429 0.1109589153549092 0.14029034200867016
0 0.14724488468443173 0.5034273788403731 0.1239616599070276 0.10370039462538863
0 0.2878431154907952 0.3443316418533784 0.13511768119435102 0.1074624314570917
0 0.6054283613034214 0.6911736336785219 0.15885011213660044 0.13529900512049747
0 0.33170274011264295 0.23717856548854943 0.13060514381548421 0.06518392619541977
0 0.12289046882531943 0.22190436305535757 0.16593063861970409 0.10303253669052861
0 0.4495679472858944 0.1646804811606255 0.10357275025210164 0.07917083148532651
0 0.06041832995351378 0.05175919205102249 0.11777736188449899 0.05976838410204497
0 0.707521466983734 0.4932660256730747 0.19438342055068922 0.10935813140062187