0 0.09296875 0.5984375 0.175 0.228125
0 0.19375 0.796875 0.1734375 0.146875
0 0.5390625 0.73671875 0.0703125 0.090625
0 0.40625 0.92265625 0.1484375 0.134375
0 0.52109375 0.88125 0.0765625 0.103125
0 0.5734375 0.80625 0.065625 0.071875
0 0.25390625 0.9765625 0.2484375 0.046875
0 0.2390625 0.6359375 0.10625 0.184375
0 0.41953125 0.63203125 0.0890625 0.0921875
0 0.296875 0.5046875 0.0953125 0.125
0 0.5203125 0.50390625 0.0625 0.0859375
0 0.54765625 0.55859375 0.0453125 0.053125
0 0.50703125 0.63828125 0.0734375 0.109375
0 0.6203125 0.54609375 0.0265625 0.028125
0 0.6078125 0.48203125 0.0296875 0.04375
0 0.540625 0.33046875 0.059375 0.0765625
0 0.4359375 0.42109375 0.06875 0.08125
0 0.4640625 0.34609375 0.05625 0.0703125
0 0.36328125 0.35234375 0.075 0.125
0 0.190625 0.3109375 0.0828125 0.0953125
0 0.29375 0.29765625 0.0640625 0.1015625
0 0.3375 0.209375 0.0515625 0.0359375
0 0.01015625 0.29296875 0.0203125 0.1515625
0 0.64140625 0.61328125 0.0671875 0.075
0 0.64609375 0.6828125 0.053125 0.0484375
0 0.69609375 0.61171875 0.046875 0.046875