0 0.7986950125912278 0.33529339535587593 0.4020645532727675 0.6350308471887838
0 0.5317206151487517 0.4407012755350431 0.11507152985783761 0.17675637978345585
0 0.5741712146812133 0.5285135126029192 0.0995010720123151 0.18567673871722903
0 0.46249285041622457 0.6590852141731297 0.07252950585373252 0.11459134890464337
0 0.3459234948336386 0.5562450221698307 0.06945904800821019 0.12387542069139794
0 0.332605362516473 0.6972337350228122 0.11179199375348406 0.15010295157021042
0 0.43667575986075324 0.5317331039857153 0.09274201190385671 0.09799488229073816
0 0.37456612442032966 0.6007164361973112 0.05841246369925477 0.10480717194503911
0 0.4032769317001179 0.6334691002247915 0.06479881908544911 0.12842652837152996
0 0.3084689466290367 0.5495236607287751 0.05674996974937896 0.08757420783841656
0 0.2548803383159762 0.6307569403539462 0.047211343285945874 0.05917642319868044
0 0.2676757749860637 0.5796119775009648 0.044049981849627426 0.05283549498543501
0 0.7836133506126164 0.7794071082088574 0.18220448770335979 0.16933633636823106
0 0.5356985462596944 0.6967921511618637 0.07704428903121965 0.08504024122451134
0 0.44247072102592516 0.7440285155059132 0.05968407220870695 0.05485263605166182