0 0.47578125 0.30703125 0.209375 0.1890625
0 0.4 0.49375 0.146875 0.1421875
0 0.40546875 0.61640625 0.175 0.1390625
0 0.44453125 0.78125 0.221875 0.159375
0 0.33046875 0.8765625 0.1890625 0.15
0 0.5390625 0.88984375 0.1609375 0.115625
0 0.659375 0.96796875 0.15 0.0640625
0 0.83515625 0.64375 0.1953125 0.2234375
0 0.684375 0.49765625 0.1640625 0.190625
0 0.771875 0.28515625 0.24375 0.2109375
0 0.62890625 0.378125 0.0921875 0.0828125
0 0.478125 0.09921875 0.1984375 0.16875
0 0.54921875 0.028125 0.1078125 0.05625
0 0.6265625 0.1390625 0.078125 0.08125
0 0.7796875 0.14921875 0.190625 0.1375
0 0.66015625 0.07109375 0.078125 0.0703125
0 0.6390625 0.70546875 0.1015625 0.10625
0 0.53125 0.6953125 0.0875 0.075
0 0.90546875 0.1953125 0.0703125 0.059375