0 0.5630781368151656 0.8240987972426554 0.365798758584207 0.30903063684308485
0 0.15596611534514335 0.5813001611244866 0.17306583703942993 0.20968855172849493
0 0.5187251905789124 0.5262212383880245 0.18498405405833437 0.11005226458147632
0 0.6330836481298472 0.3377688406578801 0.2896351926220159 0.10684835972519605
0 0.6934166392510526 0.43990199049959555 0.12386474687674198 0.07702916442319178
0 0.8026325579671593 0.46406325303600787 0.06132838544042372 0.06896060015828454
0 0.837079759958949 0.5849153106369975 0.08163179508134384 0.0679891335443795
0 0.7538672841594459 0.6560749082879995 0.09742951190385671 0.0981312746106063
0 0.7954457301011115 0.7595348774091872 0.056531801131468204 0.05007420783841656
0 0.3405143530485032 0.41189562859632145 0.09405907220870705 0.05585284639736088
0 0.3862030611886131 0.614437955397641 0.05040906615858276 0.07176735141192588
0 0.3965103438751211 0.3196566528112163 0.17228406615858277 0.07531355172849494
0 0.4749625968019872 0.26113344748008227 0.18168633723582167 0.08027383636823107