0 0.5098497970386393 0.4835174744649569 0.14453565128862386 0.16801787727617318
0 0.42543833898889594 0.8603645016493526 0.39006723654387443 0.2792709967012946
0 0.20186355664957775 0.4330865993003547 0.31114994120271566 0.16194503668480015
0 0.25935623134395003 0.29157270071228053 0.3513522173219975 0.21459867524374446
0 0.7353997529406759 0.3750614314454436 0.2581887155129753 0.163524257059629
0 0.10433238014618314 0.6219468593294846 0.201515991632257 0.2133591210079672
0 0.6605646065132922 0.19057511968781887 0.27851450361804453 0.10483121865896919
0 0.041033356513292166 0.41717077962517113 0.08206671302658433 0.14960284639736088
0 0.6210152691103352 0.5869045504083467 0.22453076775153882 0.2655126543940618
0 0.9092035866140467 0.7314347665600335 0.11795321913101979 0.2561710951437197
0 0.02420828640961843 0.7512502629321236 0.04841657281923686 0.21946070533113407
0 0.8774555353915361 0.15776393434843752 0.15154921189493037 0.06369409012915472
0 0.5108777877663851 0.2996736718785322 0.1594103787873868 0.21369409012915472
0 0.7286838427184822 0.12996188011266013 0.09694359905006031 0.06366534639736088