0 0.7346654003300921 0.18909912652813854 0.17911873788898128 0.21624687697836445
0 0.4799559423661103 0.41749187867584514 0.1400179901980554 0.14265224672063964
0 0.20583210306379499 0.6751560509953682 0.13335788708777754 0.13763719810012062
0 0.2766149118289804 0.5333160317734913 0.12357278397749968 0.13245837516934209
0 0.4855401439685174 0.5710263144514939 0.13558476842611106 0.1097578595655099
0 0.6986060719610172 0.6022409356641071 0.1798610316684254 0.20695376413349412
0 0.6385160468905078 0.7945346562654649 0.26576028397749984 0.13991010628614955
0 0.4437422061740728 0.6673967034156459 0.12099458812453676 0.13854460085908257
0 0.7968215221493048 0.37027720545181086 0.20409961404351815 0.18178334577069996
0 0.9175878624415038 0.8832951045927281 0.16482427511699244 0.13662797602842502
0 0.9340714950990275 0.17870277985292737 0.13185700980194498 0.19034611827193718
0 0.31786958812453675 0.11676261759456863 0.1491004642790738 0.10424484396167766
0 0.1872591773803693 0.5615439303485819 0.07199116013203688 0.09398237336031982