0 0.48125 0.91796875 0.20625 0.1375
0 0.2671875 0.85703125 0.1203125 0.153125
0 0.26015625 0.50703125 0.0828125 0.0578125
0 0.103125 0.67265625 0.1109375 0.1296875
0 0.121875 0.55234375 0.09375 0.059375
0 0.18515625 0.48671875 0.0625 0.0546875
0 0.04296875 0.83984375 0.075 0.2390625
0 0.41640625 0.78203125 0.1734375 0.075
0 0.3859375 0.60390625 0.0796875 0.075
0 0.534375 0.7 0.1125 0.075
0 0.4921875 0.48046875 0.078125 0.0484375
0 0.43359375 0.4640625 0.046875 0.0375
0 0.36328125 0.51953125 0.1 0.0546875
0 0.43203125 0.390625 0.0265625 0.021875
0 0.496875 0.390625 0.040625 0.021875
0 0.65859375 0.428125 0.0671875 0.0484375
0 0.58984375 0.54765625 0.071875 0.0546875
0 0.6578125 0.50625 0.0625 0.0453125
0 0.67109375 0.60625 0.1171875 0.0515625
0 0.74453125 0.76796875 0.0828125 0.0671875
0 0.73828125 0.6640625 0.09375 0.046875
0 0.81640625 0.60390625 0.0296875 0.0484375
0 0.8015625 0.97109375 0.14375 0.0578125
0 0.36171875 0.3828125 0.0640625 0.05625
0 0.29296875 0.39140625 0.040625 0.046875
0 0.353125 0.32890625 0.040625 0.040625