0 0.44687533860599693 0.6551359739387218 0.2621270273939089 0.3402196915466966
0 0.17550336577619136 0.3373126280084898 0.2962903850722232 0.4217095234403846
0 0.670150247100215 0.15174565392210979 0.05539974025173766 0.11550388648947965
0 0.5621153719999686 0.30076174969545816 0.16290920000928874 0.38517364126984155
0 0.752198688186434 0.44715948103543557 0.07881577469461654 0.23984255243632352
0 0.8576646703402947 0.28496226481173653 0.08165735477852927 0.2773425524363235
0 0.8606409180652095 0.5728825694075284 0.0835732070582587 0.17950582973421944
0 0.8702573294824347 0.8344709114802489 0.06174482863401991 0.13767927513842756
0 0.6689754815523827 0.6542488926633429 0.07831702199532416 0.15118057063492074
0 0.6228495332167009 0.8432601303248417 0.13023471950581325 0.15917234577334832
0 0.118776417240017 0.8111890214377997 0.1376239348624418 0.3182469571244006
0 0.31882580666191773 0.912985651605758 0.14422544191141168 0.11808627081949083
0 0.929674337981297 0.5307766101236595 0.07450493776222658 0.12139294108527139
0 0.9828776965850501 0.7102347702104074 0.034244606829899736 0.19977875693983033
0 0.9806563282214238 0.4789149190383881 0.03868734355715233 0.16560401603912886
0 0.7825085371421713 0.16338645589700798 0.07926606058738805 0.2663049228866742
0 0.9210373182610578 0.0956308521040951 0.05317531203728052 0.16822836829088236
0 0.2982132796689941 0.026589927514765282 0.10930506763635801 0.053179855029530564
0 0.411591463282036 0.13769815006459846 0.13151379958972598 0.19657221622369908
0 0.5698398259347277 0.027519119758212696 0.10182445435896632 0.05503823951642539
0 0.6714311724148871 0.29297143122000574 0.044485551039618446 0.09459060919158375
0 0.7304141634918174 0.2114723049095589 0.04479412697434615 0.13970285009228506
0 0.7702186728390943 0.6642468514857862 0.05684384108157481 0.11404151603912886
0 0.8086686340465381 0.8297822139165725 0.06307053029369385 0.13465440468807693
0 0.9747655081981235 0.2745580860649661 0.05046898360375316 0.17225453423772627