0 0.27109375 0.80859375 0.5421875 0.3828125
0 0.44921875 0.521875 0.1609375 0.075
0 0.5234375 0.58671875 0.1765625 0.0546875
0 0.67578125 0.5125 0.103125 0.046875
0 0.603125 0.371875 0.115625 0.0390625
0 0.7421875 0.39609375 0.13125 0.0796875
0 0.55859375 0.453125 0.078125 0.075
0 0.63984375 0.4109375 0.096875 0.034375
0 0.6640625 0.44765625 0.121875 0.034375
0 0.60546875 0.33359375 0.0796875 0.0375
0 0.69609375 0.30234375 0.0515625 0.0359375
0 0.64375 0.3015625 0.04375 0.034375
0 0.7171875 0.85703125 0.128125 0.153125
0 0.69453125 0.59375 0.0703125 0.0609375
0 0.76171875 0.51484375 0.0421875 0.05