0 0.6057757037394688 0.7821768342190895 0.08253185633066593 0.0800698793969957
0 0.6705297248427872 0.6926362310348908 0.11128414772652384 0.11830320303441759
0 0.8524070162386449 0.6419034231492847 0.14439665665497756 0.13816916394474266
0 0.9518382260606032 0.7110204717818571 0.07095915665497757 0.13217451333591956
0 0.8455376331226176 0.7672860604221883 0.07321140340856687 0.08242960485118864
0 0.6864076895327139 0.45339838785263176 0.3953081404196279 0.38957139365099935
0 0.4372280754914103 0.6055818675588883 0.06896028003177204 0.10704696757828494
0 0.484017300734644 0.5619755177086695 0.08560230925276535 0.07719997091226496
0 0.4224815572274657 0.46714112089286824 0.06682503571381489 0.07410692182065048
0 0.23818700893504427 0.9245225415055707 0.09683981818121908 0.09528029121570683
0 0.3225444180256538 0.8739488434721231 0.08705571509696401 0.07107751666989941
0 0.3706449529286899 0.9339936521066352 0.06814207386326192 0.060171967578284934
0 0.38766267776488644 0.7188470131667417 0.11257391233702041 0.10280574879205204
0 0.3833627357998358 0.6076384461972799 0.07647277110331832 0.09049719636645755
0 0.31931782670922626 0.6565540493814785 0.05243525324641087 0.054209010001939714
0 0.33931845536102656 0.5386810231686814 0.049528441558013545 0.06645391848667064
0 0.40210482752000515 0.5171729428633 0.049337526785361165 0.05551641848667064
0 0.3598724630716643 0.47849295119824975 0.03171365016215581 0.02911341515269079
0 0.5572876108014835 0.8337232298269429 0.09409664772652385 0.11690019970043757
0 0.6459313250876685 0.895139348762957 0.06984094155801354 0.06811201333591939
0 0.30258251989209295 0.8108269612001895 0.06841480925276536 0.07579696757828529