0 0.3812390104913483 0.4214278136871231 0.3426782111371217 0.35456349131354764
0 0.15156484850893193 0.4188870487999269 0.30312969701786385 0.5158990975998539
0 0.4065559445770884 0.6267895558292402 0.1105858105039836 0.10033394789030421
0 0.6200370860390266 0.4685362158778722 0.21259825455234652 0.2814084735308674
0 0.6981667830568904 0.6333307700544827 0.2959850675636126 0.3586302531003717
0 0.7746373209953318 0.34430896546358747 0.10064852084968248 0.13419952564056317
0 0.8574605296916781 0.45534281885440964 0.12375105172849495 0.17740587014004525
0 0.7374756724737646 0.7611133217498939 0.08520537727617317 0.13972177956950455
0 0.47047472591811923 0.88916531554915 0.2522685083132702 0.22166936890169991
0 0.6056166040522223 0.93027837096636 0.11056909012915454 0.1394432580672799
0 0.7865292864221027 0.8228534964808342 0.07900084138279588 0.1409931811410811
0 0.7030659170634882 0.8682515796077765 0.05342652837152997 0.06646406203449332
0 0.6817782872800325 0.9665733397419711 0.06522784639736087 0.06685332051605783
0 0.8588171265512574 0.6775816918899389 0.07854620031656907 0.1253681811410811
0 0.7789979312492532 0.8397135107488577 0.07091555674305994 0.13125430810555158
0 0.9566662224864 0.2722092952807611 0.07739287727617353 0.1393579065339753
0 0.9591366899582349 0.45616691831629036 0.060631274610606314 0.09956766046291676
0 0.16928955760098968 0.34230743217453846 0.33857911520197936 0.5439898643490769
0 0.7769810709953318 0.34441812737424626 0.12490437476889085 0.16341614474715094
0 0.8842205726446846 0.20781500144323287 0.0715233105039836 0.09851458271265771
0 0.8816445242814019 0.5652101244787622 0.08723923871722902 0.10236732878371627
0 0.25292116455620584 0.8253811054577369 0.15586486975432584 0.20854886228216216
0 0.40435694708437087 0.6485917812221345 0.09215405925034226 0.11039815260503386