0 0.3671875 0.5270579969558842 0.259375 0.29148509576733284
0 0.12734375 0.4536675207527853 0.2046875 0.47764599425012405
0 0.46328125 0.33640143286136026 0.090625 0.07771015394280303
0 0.60546875 0.5513572689166175 0.134375 0.25159393515657
0 0.73671875 0.4156434252753166 0.1984375 0.3130733112195859
0 0.70546875 0.7166318404280073 0.0625 0.12072683030538141
0 0.821875 0.6336921814842345 0.0734375 0.1638071506088231
0 0.81796875 0.3043235458783208 0.040625 0.13300368969849793
0 0.6265625 0.09645339112626856 0.1796875 0.19290678225253713
0 0.7578125 0.09595280754725036 0.065625 0.13973192182065047
0 0.88515625 0.25899532830003574 0.0328125 0.13861596091032524
0 0.8234375 0.19059588572659986 0.034375 0.05905600666795978
0 0.84375 0.07487529087735091 0.0359375 0.0904335524255943
0 0.9015625 0.42015609784487307 0.0390625 0.1203761439408634
0 0.884375 0.240309101178853 0.028125 0.12729582363742162
0 0.86015625 0.8422860604221883 0.0625 0.12697683030538123
0 0.9625 0.8464318132971261 0.0359375 0.10605855242559414
0 0.91953125 0.664001821632076 0.0359375 0.09355855242559415
0 0.11796875 0.5333390452985926 0.23125 0.49856427212991133
0 0.7078125 0.7172217717915554 0.078125 0.1470022878817268
0 0.759375 0.8802002617896157 0.04375 0.08950878121376675
0 0.8828125 0.5349678969364875 0.059375 0.08765923879011232
0 0.390625 0.10014481059136618 0.096875 0.1875953369733412
0 0.46875 0.3148612727096394 0.0625 0.0957268303053814