0 0.1779851609751016 0.4587079642211143 0.1197958314853265 0.10574695712440044
0 0.0861176374387526 0.6194835803525283 0.07172235253201387 0.1088929410852714
0 0.3561325477785696 0.4068183898855656 0.0597992052052021 0.06454216378737562
0 0.28084339241807577 0.30968137646733035 0.03801521046687402 0.06470285009228505
0 0.07091246850055608 0.07873746684200791 0.11042083148532648 0.10514617982650451
0 0.033963081732381585 0.3578835487356957 0.06792616346476317 0.08156897748246603
0 0.30743119531714297 0.588177813851974 0.06911256299888784 0.17099242288667416
0 0.409729442686307 0.5824005783499435 0.05273015785015556 0.05007914558877822
0 0.37169955069175425 0.70080941934293 0.04913472099021767 0.06852875693983033
0 0.49116915848544007 0.5873000269933542 0.025712631541796326 0.040564443244739935
0 0.3087977322900202 0.7250770365540781 0.06686825256024882 0.07900518198597287
0 0.45145972930624845 0.3470044964562557 0.04978716837349921 0.0530038864894796
0 0.48334197695776115 0.6415066656423021 0.05007559471009344 0.031229016039128865