0 0.25546875 0.72578125 0.2890625 0.0984375
0 0.09375 0.6484375 0.1875 0.053125
0 0.08125 0.57578125 0.1609375 0.034375
0 0.3015625 0.5953125 0.1640625 0.040625
0 0.55625 0.66484375 0.215625 0.0546875
0 0.88046875 0.75234375 0.2390625 0.1078125
0 0.7765625 0.6578125 0.165625 0.0515625
0 0.7171875 0.6 0.1390625 0.040625
0 0.5828125 0.60625 0.109375 0.03125
0 0.44296875 0.51640625 0.2328125 0.034375
0 0.89765625 0.5953125 0.2046875 0.0328125
0 0.721875 0.52890625 0.1296875 0.034375
0 0.86875 0.55 0.096875 0.025
0 0.98125 0.5609375 0.034375 0.0203125
0 0.63125 0.4890625 0.1125 0.021875
0 0.10859375 0.52109375 0.0859375 0.01875
0 0.23671875 0.5203125 0.0546875 0.0203125
0 0.09765625 0.921875 0.184375 0.15625
0 0.7796875 0.48125 0.140625 0.015625
0 0.7546875 0.45390625 0.1109375 0.0125
0 0.65078125 0.46328125 0.05625 0.0171875
0 0.515625 0.48515625 0.0765625 0.0265625
0 0.57734375 0.44609375 0.075 0.021875
0 0.6984375 0.44453125 0.0421875 0.0046875
0 0.78203125 0.503125 0.1015625 0.01875
0 0.88359375 0.49921875 0.065625 0.0140625
0 0.85 0.4484375 0.0453125 0.00625
0 0.45390625 0.47109375 0.0578125 0.0109375
0 0.40546875 0.47734375 0.05625 0.0078125
0 0.36796875 0.49140625 0.0546875 0.009375
0 0.4515625 0.4875 0.05 0.0125
0 0.49375 0.546875 0.1140625 0.0171875
0 0.58046875 0.56484375 0.0953125 0.0125
0 0.63515625 0.50625 0.05625 0.009375
0 0.521875 0.4578125 0.0484375 0.0109375
0 0.2875 0.4875 0.040625 0.009375