0 0.38075751356766735 0.3864612407438178 0.22594278154634875 0.2106928778516064
0 0.4463802708037566 0.5837658397563688 0.15925989258219672 0.156587566315984
0 0.5317213065339768 0.6818912615633088 0.18582239258219674 0.15828976866002265
0 0.668498689505235 0.7957708937338518 0.2339256999091429 0.18473115514950217
0 0.6448641949323018 0.9270082927187161 0.20045810266810485 0.14598341456256775
0 0.8121601582975705 0.8330076827519399 0.16896908525525056 0.13385097316352912
0 0.9456422071452323 0.8507830729420475 0.10871558570953539 0.1359746776670363
0 0.8736753539113004 0.46165191933370464 0.21672491180407363 0.24280447100406094
0 0.663894240161919 0.4256283744555203 0.182110894391219 0.20632675046142523
0 0.5898072077110591 0.20052944246954746 0.26006547602842467 0.23779559839424208
0 0.5435950282669884 0.3587436582318212 0.09825379353213641 0.0919452729789593
0 0.24629622512391364 0.21277581199704748 0.21081574852966192 0.1894792119047624
0 0.24767726141996071 0.10541389497046945 0.11207063206674714 0.08815893892580315
0 0.38454981965141816 0.16168128624031106 0.08402751922187682 0.08791910703211539
0 0.50718173620519 0.09479177976190607 0.19873847241038015 0.1373159346068665
0 0.36503517978275496 0.08646124074381785 0.08353619629109836 0.07854410703211538
0 0.7661538602428785 0.6237235178848303 0.11206398801421251 0.11774630937615385
0 0.6777774349826793 0.675678439230345 0.09315685775648763 0.08383238433001132
0 0.6323145330166868 0.060764838058325735 0.07400406603337366 0.04523095928386878