0 0.16305297215554979 0.7638737650175337 0.21261410580511533 0.14112738068039513
0 0.08071670962649606 0.9043135787345259 0.16143341925299212 0.14340690097293454
0 0.6501983080903992 0.7655206708650276 0.11486608656782167 0.1144364212654743
0 0.7974106139881817 0.7309393449731708 0.05714286660488845 0.07126707386326174
0 0.14340021498397365 0.6111851416407392 0.2555456502701524 0.11845353977100466
0 0.32001976788653136 0.5393941420477762 0.4261160998146655 0.21824680843869118
0 0.6781670845840871 0.568277478089198 0.2829811695074461 0.14391718993316047
0 0.45334564465822086 0.6565253206201463 0.26844744355406325 0.1748944545436572
0 0.6648461067317877 0.9050235016281484 0.23514387023308564 0.1602592102256999
0 0.33202122696487324 0.754678222810897 0.11604664065150558 0.10352619480442442
0 0.8856819734214941 0.5060972577172282 0.1319990228654909 0.11317393019392803
0 0.35627227033360204 0.3732373080382446 0.1870684687818068 0.12506600405718976
0 0.48744785926367634 0.41779405722746565 0.12956350362819702 0.08814665665497756
0 0.9092136987419049 0.659498947246647 0.08554068511654264 0.07957049756436803