0 0.4070434588427128 0.22851655176802046 0.13047979534115867 0.137248039703264
0 0.3256274417685426 0.04184881354524295 0.13254690637700656 0.0836976270904859
0 0.18865970827688594 0.033063153875972064 0.09127345318850333 0.04426045269729173
0 0.2535809441433917 0.1938538770904859 0.09791960085908258 0.11152068787965286
0 0.25664066711959876 0.2694714729301734 0.04686835594746528 0.03074216014423614
0 0.2198975836733707 0.3452351923449651 0.08724105042954129 0.05665134992375007
0 0.36329902363289096 0.43787402118281216 0.137630554047586 0.15458101006798622
0 0.36057465683129186 0.757859212862187 0.3009648722286661 0.47206206363895864
0 0.5724659837187993 0.4220814477602078 0.10630531094499104 0.12264002583555574
0 0.4630301079836302 0.3364550319163885 0.049161196291098365 0.07449216014423614
0 0.43209544776143644 0.09294207446944408 0.05088082654882307 0.10730466014423616
0 0.16843582372374802 0.6125142645332985 0.05377345318850328 0.04338763050895835
0 0.17500008423919758 0.5468165293509373 0.08172803482570909 0.07056837955902787
0 0.06002901797868143 0.1648060759880555 0.09102114767057934 0.06922408510611118
0 0.15529060832231448 0.11889220431281236 0.049249727498762795 0.046403527735416714
0 0.20844990784734466 0.08722332380385399 0.034204581637205765 0.027326219414791696