0 0.1940365900701358 0.3224701211735025 0.15029799352159498 0.13318498924663302
0 0.22818344772055998 0.43767989826180764 0.086556866131414 0.08659677956950454
0 0.1593486004060521 0.7048095862273144 0.08972143892580316 0.11166955417661058
0 0.07541608652639147 0.7917958558720215 0.08459384793281673 0.08027400496239885
0 0.3230198766242139 0.6818730080627706 0.06987001387966067 0.09360875889134021
0 0.34678564852343896 0.5677933914373822 0.06271884793281668 0.07925516046291677
0 0.4842331886212614 0.4527399338271684 0.05753070018457009 0.071224336641599
0 0.41542953115540726 0.26696079156121666 0.15462454811738696 0.15208053846084474
0 0.5610819925987444 0.24396855541495555 0.061216904688076924 0.055817660462916766
0 0.5082795627722398 0.34650920450533274 0.06846820018457009 0.07173375889134022
0 0.5804153786267987 0.37024211103930804 0.07952441856773759 0.14702485731976359
0 0.22031877391103513 0.841641806243525 0.078744366131414 0.08623290653397539
0 0.19702548041712675 0.5326092545481139 0.09386871838316742 0.07914815260503386
0 0.394439503396086 0.4477741439185815 0.09280686613141409 0.08688787799792799