0 0.3765625 0.61328125 0.753125 0.7546875
0 0.71953125 0.28828125 0.1578125 0.11875
0 0.25546875 0.1015625 0.2859375 0.203125
0 0.425 0.25078125 0.125 0.090625
0 0.4671875 0.2125 0.1171875 0.0703125
0 0.6796875 0.40078125 0.1875 0.1390625
0 0.59609375 0.253125 0.1078125 0.0859375
0 0.703125 0.14453125 0.140625 0.090625
0 0.9296875 0.309375 0.140625 0.10625
0 0.88359375 0.45546875 0.1546875 0.1484375
0 0.9734375 0.471875 0.053125 0.084375
0 0.67109375 0.3890625 0.2109375 0.1390625
0 0.58359375 0.14296875 0.109375 0.084375