0 0.13125 0.79609375 0.1875 0.121875
0 0.4359375 0.91328125 0.3078125 0.1734375
0 0.546875 0.621875 0.15625 0.1125
0 0.76015625 0.525 0.1328125 0.053125
0 0.6796875 0.47578125 0.0703125 0.0359375
0 0.62421875 0.4265625 0.109375 0.0484375
0 0.715625 0.39453125 0.075 0.0515625
0 0.7359375 0.28828125 0.1046875 0.0703125
0 0.3046875 0.49765625 0.15 0.0671875
0 0.259375 0.659375 0.1203125 0.0625
0 0.09375 0.63046875 0.078125 0.1125
0 0.09140625 0.52421875 0.0671875 0.05625
0 0.8625 0.71171875 0.1234375 0.0703125
0 0.840625 0.58359375 0.1296875 0.059375
0 0.640625 0.8140625 0.2546875 0.0984375
0 0.89453125 0.87578125 0.1953125 0.1734375
0 0.54375 0.41015625 0.0375 0.046875
0 0.45234375 0.525 0.05625 0.0484375
0 0.54921875 0.5125 0.084375 0.0375
0 0.34921875 0.7375 0.2984375 0.0890625