0 0.6803320761209044 0.4035926881506108 0.26662772037968574 0.2711087461424887
0 0.4509854743340185 0.3016239682262839 0.1337913626613009 0.14727312307124424
0 0.4272522025851887 0.19724734885566736 0.15522069368794006 0.13773743676633482
0 0.37856132908665396 0.3982801202934672 0.1183918557412186 0.11355945712440044
0 0.13538030935217152 0.6834714389258032 0.233833760911596 0.4606928778516064
0 0.8647495439919514 0.629089743207828 0.27050091201609733 0.3324863371354752
0 0.6735541996194392 0.19900531770026011 0.05736151384016441 0.06912953423772628
0 0.6346734303420672 0.10534615283315038 0.0652376808363588 0.07119268198597287
0 0.3725421393530466 0.2888049907438178 0.05736151384016441 0.06912953423772628
0 0.3545110864638467 0.03752309299557124 0.03402217292769345 0.031790220542635736
0 0.33688984634967845 0.08314647362495473 0.05152800790866543 0.04070414558877829