0 0.20785484710485935 0.37578370608311695 0.12957094606059655 0.10581846878180681
0 0.2818978435803744 0.4742459987340556 0.07239706348717308 0.07109623920022692
0 0.3128331479439851 0.748110084668905 0.07140324855010745 0.09911211179556503
0 0.26535634192998925 0.8555158461016503 0.07192346680652095 0.06484623920022656
0 0.4585824332120566 0.6764384373939775 0.05315015601864026 0.08444941106992569
0 0.43966464461999283 0.561168101459128 0.04895956348717299 0.07027778366526398
0 0.5277538726246686 0.41082830636111867 0.04524256763635801 0.06235615626060227
0 0.39614590726804016 0.25562742958942913 0.12954763527271584 0.12607640507947587
0 0.5251220896316822 0.190024733040141 0.05343357593472771 0.04705853847458741
0 0.5124938802983384 0.30248009302160755 0.05750576929603195 0.05966766587924912
0 0.588571128223746 0.30374000345856106 0.05116252614450918 0.14048115626060226
0 0.41913253736588585 0.8587623532732266 0.06482136182749905 0.07394842068857273
0 0.28629119088572647 0.5735738761387174 0.08418666846619498 0.06215774881887359
0 0.44173386225170636 0.43341512369164664 0.08009116431700995 0.06980655771188111