0 0.878484247931276 0.4753669444807356 0.2242749360279987 0.21399804573098144
0 0.8748699939529112 0.3161829174388936 0.18194198535963507 0.20002482576804842
0 0.6265239479630926 0.2498858279606651 0.30786923337045274 0.2840774219545169
0 0.47693412265277335 0.09372517423195158 0.23977266669318062 0.18745034846390315
0 0.15614398189850467 0.7418997794040948 0.30592602005090674 0.3855307945498552
0 0.050735249323682265 0.24351189782308175 0.10147049864736453 0.20985120435383653
0 0.3981625906270018 0.27816462850097007 0.09009883601209037 0.09217263103285873
0 0.20462112862032034 0.3341219957388308 0.18165108402290803 0.1750248257680484
0 0.1928831026018666 0.4704141598039813 0.17977950135263548 0.14840776206571765
0 0.2654153673217733 0.07585313875258907 0.2218579133513628 0.14050598202865067
0 0.6336615492520947 0.5760663820443491 0.17509200135263542 0.148244070958725
0 0.5877212459023227 0.6987151975607786 0.1327045066836355 0.12958335099579193
0 0.36283197593095773 0.49571671624991803 0.08234088001272663 0.09658731252120453
0 0.7770073953294092 0.016138343654579737 0.09286020934118148 0.032276687309159474
0 0.37521489194782054 0.371116020333602 0.16413632001909004 0.14629962504240898