0 0.7062935529053822 0.35079402639297286 0.24698802203583342 0.2132969365265156
0 0.43069414086128505 0.3666309412118761 0.09309799620027785 0.10888691818411553
0 0.5747552250174657 0.47657893956252345 0.11827983415618064 0.11742684389007838
0 0.7009034169811812 0.6566264892459543 0.20240287385944472 0.2432284774344577
0 0.8903029173624308 0.6242673156515626 0.21939416527513841 0.2879786877801568
0 0.40118259992375005 0.07515663545809477 0.12540265634451409 0.15031327091618954
0 0.2854556824644101 0.44121706723440807 0.05912173328249999 0.0579321719450391
0 0.3336048545764935 0.5617736081423503 0.06933318787965286 0.09414245658477541
0 0.2815338615103477 0.5750154057142102 0.04963763050895835 0.05297188730530315
0 0.34687053362243114 0.6950718414493029 0.08121624525034736 0.13508570533113406
0 0.39458002858843805 0.6287959720906885 0.07187630642076392 0.06923338479802066
0 0.4284653725282645 0.6739349758516122 0.05080008700597212 0.03582985141192587
0 0.5575157864722227 0.6092012229486183 0.0958229526972918 0.09179034639736088
0 0.25856979340607694 0.6296263493668618 0.05559668977951393 0.04065374373179385