0 0.4751416192711847 0.44103416153326186 0.1883010733609078 0.20961808057737183
0 0.38500423122218697 0.8049726651614589 0.4589055693825432 0.37837803737827896
0 0.7773666432606852 0.5077925532810758 0.34204423870145284 0.26809032340579575
0 0.7861614826145933 0.35598451662058694 0.3974589920432706 0.33250005298737567
0 0.3164040606301835 0.25759172287334 0.29340674403245304 0.24921134863353922
0 0.7842962538988228 0.7176214210670906 0.2577783267027257 0.2745188834799297
0 0.4648790179821827 0.11496273485423954 0.2912988040260897 0.20228178493120832
0 0.9306456372533674 0.5563242786014865 0.12699994668999892 0.17624009618646852
0 0.32848424793127584 0.49457336770119686 0.29433399204327076 0.32889884863353913
0 0.05088869597391029 0.5192385841207509 0.10177739194782058 0.2771478317584982
0 0.8208502772120057 0.8647221103599847 0.1555976613621805 0.21784724282842377
0 0.2816312606620002 0.030828359348494372 0.15861247867599956 0.061656718696988744
0 0.5536495219605472 0.27117304011904986 0.21695333203372585 0.25591272721932723
0 0.4291147879933185 0.0411086057202973 0.11044769867918128 0.0822172114405946