0 0.62890625 0.69765625 0.20625 0.2421875
0 0.62109375 0.421875 0.10625 0.090625
0 0.50703125 0.56328125 0.1140625 0.115625
0 0.3234375 0.68515625 0.2375 0.196875
0 0.35 0.884375 0.28125 0.23125
0 0.915625 0.39921875 0.1515625 0.121875
0 0.55078125 0.275 0.05625 0.0578125
0 0.42890625 0.3203125 0.0921875 0.0671875
0 0.4171875 0.26796875 0.0515625 0.0484375
0 0.2953125 0.33046875 0.1328125 0.078125
0 0.36015625 0.3796875 0.0671875 0.0703125
0 0.3140625 0.4125 0.034375 0.05
0 0.375 0.54296875 0.0890625 0.09375
0 0.36328125 0.24375 0.0390625 0.0546875