0 0.4035054453276876 0.6799431341802287 0.26390222970625654 0.2639196604112307
0 0.31268990031895905 0.4428858945717888 0.14419602333785927 0.12970891535490914
0 0.2090228953179892 0.41000270273377604 0.13386430121764636 0.15539733020561536
0 0.4133278869830395 0.38156561834078684 0.11049070303441759 0.11647694183801285
0 0.7158956801556002 0.15803419125693513 0.4567913603112004 0.24788974086894755
0 0.6187789853354463 0.8756494820668712 0.3225755991013127 0.24870103586625766
0 0.1977975792666113 0.6531299898605414 0.06827151000193962 0.05604218639013112
0 0.10613636668929612 0.6055505134936533 0.07047173879011233 0.06396394703379293
0 0.3039688624372323 0.36459700360629627 0.06827151000193962 0.05604218639013112
0 0.051146880315079746 0.32206067029858776 0.0353634151526907 0.03354447351689647
0 0.09980764985991712 0.30915076089576327 0.03989141848667059 0.05095049480421991