0 0.56076860359571 0.5267520135050974 0.2416910020669146 0.20962931788754577
0 0.3250516972666224 0.8297184194047545 0.23078773531769164 0.17605154334173853
0 0.7757215155063687 0.546633305179846 0.21003858767505648 0.16501844849248962
0 0.7274660678209524 0.8306577477532819 0.21512419396136268 0.14052863152302777
0 0.6965669007430071 0.35104999608629195 0.40270558477957225 0.2912614394086338
0 0.3989020345319033 0.1928877122874511 0.5071790690638066 0.36205191365487865
0 0.424351722288013 0.6891727809239029 0.11127144789030421 0.11648561151914834
0 0.5024575674066676 0.955005719704317 0.14186647642635145 0.08998856059136599
0 0.9768002102963009 0.7371619367028738 0.04639957940739805 0.09518469636645772
0 0.9220872090534467 0.8317572174575988 0.10908820967712848 0.06961061151914834
0 0.7865371608726923 0.912529372149308 0.16737589867609232 0.1179522587939914
0 0.5621878242310931 0.8412928745652039 0.12431941149637389 0.1626909318225902