0 0.33125 0.68828125 0.1765625 0.2546875
0 0.4171875 0.92421875 0.08125 0.1015625
0 0.41875 0.8078125 0.065625 0.08125
0 0.109375 0.559375 0.184375 0.171875
0 0.296875 0.4484375 0.1921875 0.21875
0 0.5375 0.78359375 0.059375 0.0421875
0 0.5140625 0.65 0.1109375 0.1484375
0 0.6171875 0.67890625 0.040625 0.040625
0 0.7 0.6734375 0.0359375 0.0453125
0 0.56640625 0.85 0.034375 0.0390625
0 0.50390625 0.8421875 0.0359375 0.0484375
0 0.62734375 0.8703125 0.0390625 0.0328125
0 0.69140625 0.74609375 0.034375 0.0515625
0 0.61875 0.77890625 0.059375 0.065625
0 0.5859375 0.91171875 0.0453125 0.05
0 0.52578125 0.915625 0.0484375 0.065625
0 0.6171875 0.32421875 0.065625 0.0953125
0 0.66953125 0.37109375 0.0328125 0.0421875
0 0.6625 0.56640625 0.0953125 0.1234375
0 0.5578125 0.715625 0.0453125 0.0609375
0 0.64296875 0.82265625 0.0234375 0.0234375
0 0.70234375 0.278125 0.065625 0.1015625
0 0.57890625 0.04140625 0.0953125 0.0796875
0 0.5421875 0.22109375 0.0765625 0.1125
0 0.609375 0.21484375 0.0515625 0.0578125
0 0.75625 0.45546875 0.0359375 0.0484375
0 0.74921875 0.37890625 0.0453125 0.0359375
0 0.7640625 0.32421875 0.0578125 0.0515625
0 0.66953125 0.46328125 0.053125 0.065625
0 0.67109375 0.37578125 0.0265625 0.040625
0 0.64375 0.36015625 0.0234375 0.0265625
0 0.10859375 0.15625 0.109375 0.1515625
0 0.44140625 0.709375 0.0421875 0.0609375
0 0.76875 0.58828125 0.040625 0.0609375
0 0.778125 0.5234375 0.0359375 0.04375
0 0.7390625 0.55859375 0.0359375 0.0421875
0 0.76875 0.74453125 0.034375 0.05
0 0.40859375 0.55234375 0.0703125 0.0625
0 0.5125 0.5109375 0.078125 0.0890625
0 0.7625 0.678125 0.0484375 0.05
0 0.0671875 0.38203125 0.1046875 0.1265625
0 0.01328125 0.4875 0.0265625 0.0875