0 0.39296875 0.72421875 0.0828125 0.06875
0 0.38984375 0.8203125 0.10625 0.028125
0 0.5984375 0.78203125 0.1375 0.0546875
0 0.684375 0.9109375 0.121875 0.0890625
0 0.58046875 0.8421875 0.0828125 0.0359375
0 0.25625 0.8609375 0.1265625 0.0546875
0 0.2578125 0.771875 0.0859375 0.0515625
0 0.21484375 0.7 0.0828125 0.0484375
0 0.30078125 0.66953125 0.059375 0.04375
0 0.046875 0.95 0.09375 0.0875
0 0.09453125 0.80078125 0.1390625 0.159375
0 0.240625 0.596875 0.0671875 0.04375
0 0.2015625 0.6390625 0.0796875 0.025
0 0.51796875 0.68515625 0.0859375 0.059375
0 0.65625 0.6890625 0.1171875 0.0484375
0 0.88671875 0.75859375 0.109375 0.0796875
0 0.9640625 0.8375 0.0578125 0.046875
0 0.93984375 0.915625 0.1203125 0.09375
0 0.8015625 0.6359375 0.09375 0.0625
0 0.7578125 0.5671875 0.05625 0.0234375
0 0.66640625 0.5953125 0.05625 0.040625
0 0.6421875 0.55078125 0.0625 0.0328125
0 0.63515625 0.4890625 0.0703125 0.0375
0 0.73671875 0.534375 0.0421875 0.0234375
0 0.50859375 0.5140625 0.0671875 0.0453125
0 0.440625 0.509375 0.046875 0.0375
0 0.425 0.553125 0.0875 0.0359375
0 0.40234375 0.60078125 0.0734375 0.0203125
0 0.28125 0.53515625 0.0703125 0.025
0 0.29375 0.50703125 0.053125 0.0265625
0 0.31796875 0.428125 0.0484375 0.0140625
0 0.3359375 0.46796875 0.034375 0.0265625
0 0.415625 0.440625 0.046875 0.0359375
0 0.47421875 0.46953125 0.0484375 0.0234375
0 0.4765625 0.62421875 0.0609375 0.0390625
0 0.56328125 0.596875 0.0828125 0.0578125
0 0.60546875 0.45625 0.065625 0.01875
0 0.7015625 0.49765625 0.0390625 0.0359375
0 0.63984375 0.42421875 0.0390625 0.025
0 0.5640625 0.39609375 0.0515625 0.028125
0 0.78125 0.5203125 0.0328125 0.0359375
0 0.10859375 0.54296875 0.0578125 0.04375
0 0.1640625 0.490625 0.059375 0.04375
0 0.20859375 0.446875 0.040625 0.034375
0 0.4140625 0.37421875 0.0375 0.0296875
0 0.4671875 0.41953125 0.0390625 0.034375
0 0.7640625 0.796875 0.071875 0.0796875