0 0.5906525712332978 0.5693910466667189 0.11877209068231735 0.27668274440092266
0 0.6202350141334942 0.1161467248811761 0.07750528154634875 0.20196616431701003
0 0.7704894781761313 0.4388952954173191 0.15097151628120073 0.44564623195336794
0 0.8836047953411587 0.08346843121448855 0.20958079715018094 0.1669368624289771
0 0.4489299021931351 0.15501108318419027 0.13588434757972223 0.24685353444287889
0 0.4908882666198851 0.6263649423123969 0.09239329715018094 0.18908765601864025
0 0.764490620192501 0.7883867325548459 0.14610479534115867 0.144912526144509
0 0.6201740541591276 0.7585360570396811 0.11379026232447184 0.12223204274124858
0 0.4107260538204433 0.5485135520653037 0.13443031094499086 0.13002123195336796
0 0.4506915552907813 0.3682214782051684 0.1335229081860289 0.14240283278320492
0 0.394345216529028 0.8046693862984011 0.12890400723608925 0.20274833693238997
0 0.24599076718571194 0.4433435678368506 0.055725456806547946 0.14273287427505377
0 0.31030117141501196 0.24865710725410697 0.07390224672063965 0.13321616431701006
0 0.6686990903436331 0.014068619701661598 0.058126760515449585 0.028137239403323196
0 0.9501543057430369 0.8315060800606906 0.09969138851392607 0.15554145020978147