0 0.2239223752387316 0.6901235801665319 0.15665217870781625 0.3075804824490227
0 0.2664354972151872 0.8622653531277855 0.08975448535963508 0.19629598997087
0 0.3356576645449147 0.886804700383076 0.0659533586887262 0.16436402837152997
0 0.3608774825748224 0.6658329708370473 0.07383858402290802 0.17084134890464336
0 0.3444097872772299 0.4031200221698308 0.09789424936345315 0.2246483105039836
0 0.3230278726527734 0.09872935352349685 0.15394425469445325 0.1974587070469937
0 0.3953472206397285 0.18686688486452765 0.08639312802354437 0.1758925617576248
0 0.4398506512969562 0.2550796757724699 0.06886018268618095 0.1457049565847753
0 0.40708250994591155 0.3864577079049235 0.05288973734881743 0.11556281551854841
0 0.46622005792491256 0.539372107746639 0.08085220003181667 0.23664820533113406
0 0.4801136666534097 0.09117761480626793 0.07414766669318062 0.18235522961253586
0 0.5108444039624562 0.2616048089211379 0.05935791335136287 0.1344946719450392
0 0.5196028806492736 0.11296272044133585 0.04491360534690862 0.1012729949854351
0 0.5310500053310001 0.009663190353946274 0.028524989337999785 0.019326380707892547
0 0.5315921612826386 0.3578433114284204 0.04351473734881743 0.11529003087881229
0 0.39444231854714185 0.8686935463847256 0.035374973344999464 0.08693771034569905
0 0.4209059158975501 0.7421848706787626 0.030342028007635947 0.05711381802583091
0 0.04743533728518403 0.8133434344814516 0.09487067457036806 0.21393813103709683
0 0.5692114346355923 0.2122663869760987 0.04382382001909004 0.1418525308788124
0 0.5907409892982288 0.2413173894833812 0.034085193348181164 0.11032974623907635
0 0.5606620432845477 0.34293972545590073 0.028797709341181487 0.05863085391920819
0 0.5115149239338213 0.47245138070789255 0.03998974801081765 0.08082410266556703
0 0.5629143392743663 0.4178487972426554 0.036846566677272284 0.07917067445232177
0 0.5885148706238201 0.29839410359000385 0.012990896005727138 0.04255121285298147
0 0.5481904099697742 0.20663015241550492 0.038681786680453814 0.10265363855894431
0 0.5727824246499098 0.10672944081616469 0.025781797342454026 0.06791492570596289
0 0.6152511879774101 0.14844792788404096 0.014589758672817865 0.04572167695960414
0 0.5131223299252307 0.5356644345479585 0.020985209341181487 0.05840353338609496
0 0.49696098058564003 0.5822128256141854 0.017842028007635947 0.05675010517284953
0 0.47624849124764024 0.6171788590002801 0.020967028007635946 0.05684103338609496
0 0.49672517059200344 0.5353605576674967 0.022474984006999675 0.05219899749271768
0 0.4473433359325486 0.4836904090794225 0.040389737348817435 0.11519910266556703
0 0.4468080812778662 0.39545462318604513 0.030796561346272178 0.0961763180258309
0 0.5152677272835933 0.3512894345479586 0.020967028007635946 0.05684103338609479
0 0.539649014600594 0.4708517767886843 0.020894302673454136 0.05059103338609496
0 0.4636024932368226 0.6972073397999503 0.01767839600572696 0.04268760517284953