0 0.0784093661803037 0.9037391067298017 0.1568187323606074 0.1623275395433268
0 0.18741701400122565 0.8964598004177418 0.0552937157285458 0.06616351087441501
0 0.5661144925310152 0.47178604155767434 0.05104583148532651 0.10028384288963732
0 0.320984003054359 0.45866532315515485 0.13026289462538862 0.12221719269935694
0 0.09218416886760936 0.474401775208871 0.17628802616718492 0.16306236859279988
0 0.11810338480791667 0.6344280326232448 0.10142526308359248 0.08207235376405234
0 0.27027210053646245 0.576413897261712 0.10379139988706054 0.12269735376405215
0 0.30967696380358156 0.6931358236494465 0.06457771046687392 0.06498301285158128
0 0.06631410067763682 0.716893022737413 0.07276964206513992 0.045052514828747545
0 0.5236007688393745 0.4622226991623286 0.025348610495108836 0.033767504942915846
0 0.7198743422910189 0.22510865421897522 0.022860647326811902 0.044577670950527094
0 0.6697462686982002 0.31938789482743507 0.03416216837349921 0.05127333992388783
0 0.6488715975526906 0.22064930589213044 0.025712631541796326 0.04001750494291585
0 0.5436912738892848 0.23829045064520335 0.03517863680346807 0.04196200692008221
0 0.745298547496221 0.16506249216569668 0.031598610495108835 0.03402217292769345
0 0.6900727212019792 0.1855222307969902 0.028913226251889412 0.06820617193911023
0 0.5841496739175197 0.269696959542452 0.042216863055357476 0.10927684091247106
0 0.61841055282848 0.232720882964437 0.0358002630835923 0.07939833992388783
0 0.48580390820309133 0.3447831897707884 0.057204826223654595 0.09897601087441492
0 0.4546973923474885 0.27381943235641465 0.07571263154179633 0.042054848821136394
0 0.6241005687546698 0.37704388593018645 0.039926320961982856 0.09671317391627668
0 0.8016241422063143 0.1391658370325004 0.024241136803468066 0.04151633794672147