0 0.43828125 0.72734375 0.1453125 0.1359375
0 0.59375 0.80546875 0.178125 0.196875
0 0.7375 0.67890625 0.1359375 0.1171875
0 0.815625 0.565625 0.11875 0.109375
0 0.92734375 0.4390625 0.1453125 0.165625
0 0.58671875 0.63203125 0.0640625 0.075
0 0.84375 0.28359375 0.0984375 0.0921875
0 0.9125 0.20703125 0.0640625 0.0609375
0 0.525 0.59453125 0.0703125 0.0734375
0 0.44453125 0.9484375 0.1609375 0.103125
0 0.159375 0.840625 0.1109375 0.0875
0 0.221875 0.77578125 0.11875 0.096875
0 0.57421875 0.546875 0.0578125 0.0390625
0 0.6265625 0.48828125 0.190625 0.1625
0 0.79765625 0.13984375 0.103125 0.0734375