0 0.7403319791124385 0.5763280837393892 0.2174402886657326 0.5545034346068665
0 0.5757665190210254 0.6553578423772624 0.060291144747150936 0.12381703423772628
0 0.6080096306840151 0.5616171367940215 0.03826628742738745 0.0523029796419344
0 0.9518291163135476 0.8028264342930995 0.09634176737290474 0.1625581616279071
0 0.8404455649254683 0.9363725146456279 0.06693925103345748 0.09931768198597268
0 0.7986176298554456 0.8744942759043948 0.05280397642635144 0.09685401603912887
0 0.7259182987999269 0.19996584283868774 0.08834337014004526 0.124056866131414
0 0.6172261571531479 0.3581311913898133 0.0555651033908223 0.08924177513842765
0 0.5857344861417519 0.8359267219269118 0.06196065260503385 0.09276729333702463
0 0.6389194522290211 0.9242370527408653 0.06737589867609231 0.10869268198597268
0 0.5264213746881591 0.38191104796050335 0.045389582712657625 0.07145349784053172
0 0.5788914032242064 0.37125295264858027 0.035689251033457305 0.09731509099298644
0 0.6412738566960818 0.8075502004891119 0.03521406203449331 0.05366522054263569