0 0.3669955606976337 0.3273480119041695 0.15870335518980258 0.16416032500983527
0 0.07802448516927708 0.3977051625049176 0.15604897033855417 0.18916032500983526
0 0.1471365368899204 0.5026765217915266 0.10046360831306052 0.08668018119435103
0 0.4369530158126816 0.5276318711907784 0.1723295179539809 0.09014367080279087
0 0.620560401351301 0.5381262468210323 0.1550420240041051 0.07175430372251182
0 0.7271376542781672 0.4893059705900303 0.14250566256778666 0.06463021857321785
0 0.5441075065411035 0.37959284495977635 0.12236587939029935 0.09289733020561534
0 0.5443660608940255 0.46949122528160725 0.1252818011314682 0.057178351492938796
0 0.4116899162802198 0.4367665705703597 0.1034886143631848 0.06971120248167466
0 0.5929045966055956 0.18683154459145931 0.12262949980360834 0.13820983020561534
0 0.2513695189359395 0.5881219849168628 0.04408634328594587 0.06087179802252862
0 0.31763941354974523 0.6162030622724866 0.10178975897699045 0.04616444183801285
0 0.2822468142136752 0.6543696977900975 0.10964771077238851 0.054523245056321376
0 0.37753658831597614 0.6649408470534633 0.04718407220870704 0.05640281930985207
0 0.4109985281093217 0.6899462008921906 0.09408634328594587 0.06436813861970414
0 0.5151956695998694 0.647212033695696 0.050272710772388506 0.05037134059717552
0 0.6345496575978169 0.6860392229358186 0.04864657825883114 0.039324579953513704
0 0.5704007991865605 0.6964032865456876 0.04399543969514959 0.04524679802252862
0 0.5117116004162245 0.7087122624083726 0.05964771077238851 0.05102690445914604