0 0.3989820073101912 0.7416672920950764 0.1582682418823252 0.12017141066226814
0 0.18982656453106633 0.6729614415410805 0.37965312906213267 0.2673432420159342
0 0.3453915827983062 0.9011272086298394 0.20549779788867967 0.1418478338609482
0 0.058179323866557185 0.9265625 0.11635864773311437 0.146875
0 0.7435946724865854 0.43356425323219827 0.3196421185055307 0.14985421364440424
0 0.9359361310907275 0.47511657040009936 0.07989778003177221 0.10383570533113406
0 0.28855657062014634 0.4852006802583094 0.39393300649282176 0.11141149076229304
0 0.5320962905883742 0.5939010449980703 0.09530459172016936 0.09179034639736088
0 0.6811923096630977 0.6052741171805364 0.1577500446422686 0.09048391066226813
0 0.6256399646965174 0.7427908375553652 0.1210682508107789 0.13626777210332364
0 0.5364952386392096 0.431446509104693 0.08600350405718978 0.18522209765100203
0 0.043612263395975896 0.45696906551854843 0.0756193831160272 0.12713681301126592