0 0.430217656928008 0.61796875 0.8191516007547207 0.7640625
0 0.7447525912820827 0.34701607139070356 0.1682017787937035 0.13163212152108805
0 0.26435431738935167 0.12241623137324653 0.30370863477870336 0.22646587364711998
0 0.44694051639986065 0.2854736960765936 0.1329286601320369 0.10082866061076282
0 0.48577884099925883 0.2506361815327261 0.12333904665416658 0.0798784318225902
0 0.7147513159287493 0.45626365457102286 0.19966639227157384 0.15436799091614423
0 0.6182393179549995 0.3017837065375752 0.11533105702175916 0.09473815727678296
0 0.7157698459002312 0.2019268409355409 0.1485536601320369 0.10210411818710821
0 0.940896985014259 0.38526472579254856 0.118206029971482 0.11772911818710821
0 0.9198025264846293 0.5275958759423297 0.16039494703074125 0.16106453000581916
0 0.9922338925543978 0.5513360070063156 0.015532214891204533 0.08871155575957416
0 0.7051323081530548 0.4438434029040329 0.22310389227157384 0.1562811772806622
0 0.596101894863472 0.19060709047649896 0.11675685598499985 0.09330320303441746