0 0.6613291621427578 0.495540356256923 0.2965628980092635 0.3102108189368778
0 0.8820765948661888 0.6235907148301979 0.23584681026762233 0.4920825801956449
0 0.5586998863621602 0.6618185934569966 0.10096935775648745 0.0843330320782579
0 0.42437803878243796 0.41650848858434947 0.16787133197589005 0.26147532541528273
0 0.2880864139517801 0.5198966995662613 0.24137743102595036 0.32691865514950214
0 0.3304631852098219 0.22907024290328618 0.07818031094499087 0.1249184592838688
0 0.21112336499257683 0.28449132325581444 0.09453565128862396 0.16956962523071262
0 0.20336061114738957 0.6117955004614253 0.05852290818602892 0.13611677513842757
0 0.3860314275194474 0.87961000771041 0.21129378335537102 0.24077998457917998
0 0.25619011928798996 0.8324176835271324 0.08385045680654794 0.14396884793281686
0 0.13480868498267923 0.6408834207272058 0.05095606965141819 0.14030362739018098
0 0.19441273631673175 0.7233442697397567 0.042174211894930556 0.061878238741233105
0 0.16979891790850898 0.833110493521595 0.048499454997525594 0.09342862739018117
0 0.12390772727162018 0.47745197640273196 0.05466092378986116 0.12185401603912886
0 0.13501008084423627 0.6595833559523813 0.045695359565509894 0.12906573874123312
0 0.18049640547249543 0.07152095388519794 0.07974281094499087 0.1250185888335181
0 0.07967753392119793 0.04948766270764139 0.04998006784239586 0.09196625693983031
0 0.11491675033868427 0.23160855027685517 0.048663229307785105 0.09655362739018099
0 0.8805650045225558 0.5466474830287952 0.2388699909548883 0.5129958574935408
0 0.328078491632257 0.2281387985788122 0.09832239258219663 0.15268251387966067
0 0.2825978160333736 0.058598254162053144 0.055820632066747145 0.08455427513842759
0 0.14699998925740781 0.3683668730712443 0.07185506784239584 0.09336807063492074
0 0.6224602504502259 0.9076871950166119 0.1223264586155702 0.18462560996677624
0 0.5519928629564118 0.6824116957087499 0.07530761646291495 0.09981832973421945