0 0.14757785630987227 0.908274498792052 0.19380303262324478 0.16999299091614403
0 0.2751935203403172 0.9062332509180839 0.054172846843970036 0.06827151000193972
0 0.6104280944096931 0.4959960921434889 0.04932352076024671 0.10213632697140156
0 0.36498826041730437 0.4728464081948669 0.12821252471457942 0.12726361485312837
0 0.13866318235641467 0.479288500459042 0.17355419961943913 0.1698973960668953
0 0.18028163247014536 0.6407520300058189 0.10005834980971962 0.08603283697334127
0 0.3261087856261753 0.5888063769810998 0.1017136917107738 0.12665783697334126
0 0.37688205984646317 0.7074127268313186 0.06348417984777566 0.06747428454774677
0 0.13684465026464251 0.7213006572767829 0.07203150889724856 0.04792705909355419
0 0.5671410094287213 0.4846760838085392 0.024774506920082116 0.034725686364518005
0 0.739208374524299 0.25500391457296256 0.022095175893442943 0.045408094849248924
0 0.6985926447902541 0.3474626104803783 0.03328734387822045 0.052550915152690704
0 0.6680509575281046 0.24763808260059114 0.025029174904859806 0.040975686364518
0 0.565036045474826 0.2610312897178946 0.03446784190105419 0.04330346091032524
0 0.7586003616727177 0.19585205517984602 0.031024506920082295 0.035235869395056164
0 0.7056172831175364 0.21410797654145455 0.027737680836358792 0.06922823212215264
0 0.6084332184025195 0.2941625251740271 0.04033052273741298 0.11074605242559432
0 0.6389046269957569 0.25849596320553503 0.03443334980971961 0.08067591515269071
0 0.5178984017103362 0.3654160297159549 0.05550985376405215 0.10108401000193963
0 0.4799089703796858 0.29301500016917786 0.07502917490485964 0.04505715060882309
0 0.6588244906456409 0.40339387502424584 0.03825868676785795 0.0981185066679597
0 0.8121418557412186 0.1721911566970548 0.023530341901054186 0.04241064060688347