0 0.8293627456646755 0.6484116488172182 0.341274508670649 0.430333957256347
0 0.687976328039768 0.18906444077530418 0.25976314514629595 0.2201499152982611
0 0.5809217030165268 0.5289223471947707 0.16634533581546265 0.20555108411256368
0 0.37765929345013777 0.5910734101318997 0.19527000113129578 0.3041067587805987
0 0.47033410047189683 0.6765154855620605 0.11359219123481452 0.13809087334017517
0 0.4779011756369429 0.7898103711006799 0.08624914976444434 0.0754636083130606
0 0.5921680186624521 0.8540223411446466 0.09271376324231469 0.09580337939029918
0 0.6750495777104615 0.7917899858566481 0.12587757775694416 0.11786018657189175
0 0.770839822809489 0.85923604020957 0.06681564458064795 0.06754202400410492
0 0.4935509677194438 0.32542061817381374 0.0841589694628702 0.10512383723582168
0 0.6872510325168972 0.42199966062287897 0.08542894354388864 0.0660886083130606
0 0.3946541379362493 0.3564802415139889 0.13019322233759228 0.18503859621281205
0 0.3256983778514807 0.4170682835702707 0.1357009285581478 0.19444086729005097