0 0.65536351284854 0.6094304197669611 0.2861313672260838 0.2577743622324785
0 0.5619141238508465 0.34441552203681675 0.313522661417225 0.269484752045064
0 0.4684447759207945 0.5343070846523713 0.13459033278320492 0.1301996285298145
0 0.3729798331841903 0.4508831677218971 0.1417642153566284 0.16314852084968265
0 0.3983853427319599 0.2809343805748785 0.13063653859206373 0.11917120031656907
0 0.3322103553800072 0.5859341176427548 0.10504454274124866 0.11063127461060632
0 0.37798295143595934 0.6741759152146146 0.11527164772027057 0.10157452335696497
0 0.17092931326345845 0.59611779671393 0.08414004689043356 0.10222774122451135
0 0.1724820031002777 0.4826319582341279 0.10177783278320493 0.12924488229073816
0 0.21823313359910873 0.44716347116625166 0.042496075934727706 0.04644910266556703
0 0.2052254933520154 0.3708366518867795 0.07310745850815117 0.08007995658477522
0 0.2580069512354667 0.38724891356526203 0.07156826929603195 0.059767456584775315
0 0.12725385870399947 0.3975378927155795 0.09173905933798818 0.07906302586424747
0 0.11257328421916428 0.5396117324490227 0.08847234937994446 0.0976766335443795
0 0.11226286305367701 0.6883674811953815 0.08127515601864026 0.08499477711788864
0 0.07804307363642064 0.6129893964765032 0.06889355518880329 0.08619356426490725
0 0.05904554251753404 0.5537136848771629 0.0549960759347277 0.04681281551854841
0 0.005570880699323725 0.5210171936526515 0.01114176139864745 0.05765938730530316
0 0.11562281616324348 0.7886857299417402 0.055469672615379786 0.05306281551854841
0 0.8574993109883733 0.3287440240818808 0.2255723755244535 0.24042172618081664
0 0.45473378296976447 0.7359150487589939 0.1532219336130419 0.12918269780928676
0 0.04491034230775261 0.6472590963973609 0.05546967261537979 0.05306281551854841
0 0.2787320031002777 0.48572351748447024 0.1125969336130419 0.128000631037097