0 0.48125 0.9263689999967047 0.20625 0.141100107141445
0 0.2671875 0.8616950251605082 0.1203125 0.1552250624991764
0 0.26015625 0.5115722942352317 0.0828125 0.059257997564368024
0 0.103125 0.6744563035707224 0.1109375 0.13162392126547412
0 0.121875 0.5544710860381266 0.09375 0.06101141233702041
0 0.18515625 0.4899506643656153 0.0625 0.05577844155801355
0 0.04296875 0.8405937723211343 0.075 0.2403716298696164
0 0.41640625 0.7892996481302657 0.1734375 0.07802736282348768
0 0.3859375 0.6106428141207341 0.0796875 0.07639095048646745
0 0.534375 0.7093275503210162 0.1125 0.07696369480442442
0 0.4921875 0.4890599147693571 0.078125 0.04980117694751698
0 0.43359375 0.47163090705871935 0.046875 0.038318206168510116
0 0.36328125 0.525872347805954 0.1 0.05643300649282175
0 0.43203125 0.398166133519769 0.0265625 0.022338650162155815
0 0.496875 0.3992979853862081 0.040625 0.02258411201270887
0 0.65859375 0.4396207966675683 0.0671875 0.0496102621748646
0 0.58984375 0.5579520109537534 0.071875 0.05594208279171564
0 0.6578125 0.5177321598980932 0.0625 0.04640344155801372
0 0.67109375 0.617963984979171 0.1171875 0.05360801542127547
0 0.74453125 0.780964591309837 0.0828125 0.06863299756436803
0 0.73828125 0.6769492471540357 0.09375 0.04851141233702041
0 0.81640625 0.6181566741015526 0.0296875 0.0489556972400564
0 0.8015625 0.9774621213449045 0.14375 0.04507575731019102
0 0.36171875 0.38912632426700366 0.0640625 0.05736821509696392
0 0.29296875 0.39652003855318874 0.040625 0.047584112012708776
0 0.353125 0.33507006980277687 0.040625 0.04133411201270878