0 0.23875023360375316 0.22900682893472274 0.08118191286711748 0.17007734561740726
0 0.40382281701165795 0.011447473515370737 0.053670374275053764 0.022894947030741474
0 0.34108509605595216 0.06331241562189846 0.04635662697434615 0.12662483124379692
0 0.4315781962610892 0.142290204523612 0.07088118506293455 0.03413984561740726
0 0.41871042074128006 0.18920416074416752 0.046354781743586496 0.03820262902925915
0 0.2646652286293757 0.04151497379819467 0.08558414772027048 0.08302994759638933
0 0.18268152282051683 0.03180264790284737 0.06302206348717307 0.06360529580569474
0 0.474753975505876 0.4737753589062047 0.048035680913749525 0.03990183006601846
0 0.4766689051702257 0.622613400093751 0.11264355518880328 0.09367067049962934
0 0.593964994177208 0.49826892803898276 0.07036096680652086 0.06824144354388864
0 0.5167387207319912 0.5546938767666678 0.04237767676456468 0.04716752591898139
0 0.47628243193943476 0.39215421201648243 0.08764355518880329 0.09148345391148141
0 0.3291687883683492 0.5105706042880562 0.21617221950581333 0.16947033581546264
0 0.25827871575761374 0.3809603081995376 0.17568892946385706 0.14730280989648126
0 0.16445232508631316 0.6871802053720838 0.2547844336130419 0.14646206277120336
0 0.1354779879534307 0.5267402828462041 0.15648864357108563 0.11923659849212917
0 0.39800406658745074 0.37028806540958414 0.05255816016782511 0.07910103110277769
0 0.04246815206994805 0.4168854121582871 0.0849363041398961 0.08497917568342572
0 0.08705952427040936 0.13129993520254649 0.14079371120744358 0.178396985014259
0 0.3242966472960632 0.2471328208762044 0.06051237012586883 0.061171237323333294
0 0.4059638122377732 0.08089337474041747 0.059068269296031775 0.06259703628657398
0 0.4805233365081826 0.213286918237038 0.06929537427505376 0.054178943543888726
0 0.5719814051702257 0.6142746368514364 0.042140878424238616 0.04404252591898139
0 0.5881993236364206 0.553874379075742 0.05717388257342364 0.03759703628657398
0 0.18401669603737464 0.8181766356736577 0.09860436597668398 0.07226456220555519