0 0.2511570364787671 0.3980379342964442 0.14487142619541976 0.13617743664223275
0 0.13095719952000726 0.5117894418380129 0.10231990514873238 0.12697739926336596
0 0.4317545890954856 0.42622790831754365 0.07624325256024882 0.08002598960843983
0 0.3785624286850814 0.3011297193295225 0.055657736775233245 0.07391810124083734
0 0.2253108131400622 0.03442890236545897 0.13187162628012442 0.046568633423924
0 0.12578676820408996 0.2359917663436449 0.10407982622365464 0.10375842055068932
0 0.3488041231551783 0.5783752803415013 0.11818709983059081 0.18566398441265974
0 0.4483259810194511 0.6172353205703598 0.06595819994353036 0.06374542574646931
0 0.38783507302812137 0.7141542432147361 0.06695925782192055 0.0809329257464693
0 0.5245923494070677 0.6575814511442921 0.03683214206513981 0.0445912341605581
0 0.32299132302812134 0.7096199265027741 0.08809080517696728 0.09641581411407199
0 0.5343412628012437 0.41083749112104917 0.06301521046687383 0.06665190445914604
0 0.5064107677805669 0.7061064324548587 0.057144642065139806 0.0460116225281606