0 0.6532689430907271 0.6536788409261517 0.21470737386128266 0.25660990496334896
0 0.635825949629331 0.37844389414446034 0.10941469473518968 0.09805472376899801
0 0.5267014646902736 0.527826171131767 0.1181002139724832 0.12360102698730664
0 0.34736368347208024 0.6625392967620207 0.24437502649368792 0.2134826178365838
0 0.38088305551926444 0.8599006158197714 0.2893254279449666 0.2509169158591124
0 0.9258283957773152 0.3351920128142233 0.1483432084453696 0.13247328243518836
0 0.5603844616102306 0.2364856231092384 0.0582688569862416 0.06174588317182241
0 0.4400918089778255 0.29032045331485373 0.09453373920022692 0.07363387797604233
0 0.42654517494974176 0.23879615814231675 0.05325397477225664 0.05204310124083724
0 0.306852723042976 0.3098184883479321 0.13554068511654283 0.0874121547112475
0 0.37341522966639795 0.35450292163597 0.06964286660488846 0.07501070767745457
0 0.32846731741534596 0.3905386106239913 0.036121038474587405 0.0524037341605581
0 0.3939608865599724 0.5167461955211836 0.09233632213985139 0.09997785668871888
0 0.3717931875636135 0.2183469003486466 0.04097222958157989 0.05741901609154336