0 0.59140625 0.16484375 0.384375 0.3234375
0 0.16640625 0.390625 0.1859375 0.215625
0 0.525 0.46015625 0.190625 0.1171875
0 0.625 0.653125 0.29375 0.11875
0 0.69296875 0.553125 0.128125 0.0796875
0 0.80390625 0.53359375 0.0640625 0.071875
0 0.84765625 0.41484375 0.0859375 0.071875
0 0.76953125 0.340625 0.103125 0.1
0 0.81875 0.2390625 0.059375 0.0515625
0 0.33828125 0.5671875 0.096875 0.059375
0 0.39921875 0.3671875 0.0546875 0.071875
0 0.38671875 0.6609375 0.1765625 0.084375
0 0.4609375 0.72265625 0.184375 0.0875