0 0.2874412738892848 0.19113621453416924 0.16008617349399668 0.21211684697528085
0 0.535873255685195 0.39789730013038455 0.1309909367187636 0.13976361485312827
0 0.8029341401401757 0.631906540877351 0.12290542093374804 0.13443838606495576
0 0.735388866321478 0.4966862601226259 0.11500191567207611 0.13223815727678295
0 0.5269547400413537 0.5510223001303846 0.1290798262236546 0.10695111485312836
0 0.3134158848079167 0.599554750289864 0.16422764192396552 0.20312448424818436
0 0.3686284876222793 0.7863215555903963 0.255080884102045 0.13434227546389116
0 0.5658891664485349 0.6434809960378003 0.11214993145709151 0.13667056576151387
0 0.22063466353535036 0.3769778618090125 0.19071454721387227 0.17729530788560616
0 0.08301356619442113 0.8997930927232171 0.16602713238884226 0.13166381455356593
0 0.07351767637188769 0.19949007484536962 0.14703535274377538 0.18816916394474276
0 0.7041275159261898 0.08558913451865188 0.14121580517696727 0.10172148091420456
0 0.8243757716113848 0.5174136061798229 0.06447129465362345 0.09234673879011232