0 0.43828125 0.75 0.096875 0.10625
0 0.11953125 0.84296875 0.140625 0.1921875
0 0.359375 0.9 0.1140625 0.125
0 0.5140625 0.5296875 0.1359375 0.15
0 0.3484375 0.51875 0.0734375 0.103125
0 0.41875 0.5453125 0.0359375 0.0328125
0 0.80234375 0.68671875 0.3921875 0.284375
0 0.64921875 0.946875 0.134375 0.1015625
0 0.496875 0.8875 0.096875 0.1171875
0 0.32890625 0.73515625 0.1 0.128125
0 0.65859375 0.440625 0.1265625 0.15
0 0.21875 0.68359375 0.0578125 0.1265625
0 0.215625 0.8921875 0.09375 0.159375
0 0.1390625 0.56015625 0.0734375 0.0984375
0 0.0484375 0.94296875 0.053125 0.1140625
0 0.45390625 0.32421875 0.0984375 0.1875