0 0.7948868542148825 0.7377605594366317 0.16919095574818713 0.07848972135581711
0 0.9860638943328663 0.5800587894652667 0.027872211334267406 0.05370680267345414
0 0.9395634797338659 0.641177555458267 0.1208730405322683 0.04536813868554468
0 0.8461646021479678 0.5478355407781312 0.034524857319763666 0.07067612667090888
0 0.8013979117012617 0.5590270321053132 0.03804796360606986 0.04573067067154533
0 0.9686259913135477 0.7181218634627213 0.06274801737290474 0.08390338001272664
0 0.9856529795267234 0.801107086131403 0.0286940409465533 0.0616829346753633
0 0.5031380401134745 0.4923095100652243 0.03961046360606986 0.04574885200509069
0 0.35210207898860413 0.48508626137808886 0.09422949710451593 0.11197383601209036
0 0.45616453266987644 0.37229645472627004 0.06882708271265763 0.06951361600890867
0 0.41360035111451054 0.4475413553866794 0.04720463978475227 0.04115225867281787
0 0.5852056774170276 0.49404528007636017 0.0930651033908223 0.08697383601209019
0 0.4934998285743193 0.6374311060629971 0.1723973465663967 0.2143908586887262
0 0.6375452351082946 0.7125049260820872 0.14863020678164424 0.17351132001909003
0 0.34549047580266967 0.7957783133752253 0.14914393713693713 0.25159995735199914
0 0.5134249925518927 0.8305271253978151 0.1211216368892682 0.15288973734881744
0 0.6224745450758733 0.5733424287475872 0.08045378742738744 0.05090906667727228
0 0.6452636515670674 0.9434979243714073 0.08663532092583352 0.11300415125718537
0 0.9162416038028522 0.8930576814528581 0.16751679239429543 0.1379374466899989
0 0.7604155008240603 0.6514685234324954 0.06214043507002263 0.06006589067472703
0 0.9130267704687676 0.5751616567870399 0.062067660462916764 0.05850339067472685
0 0.7656744274170275 0.49614522410085904 0.054764582712657627 0.06934998400699968
0 0.3430117152586997 0.3905004673774525 0.04407963978475227 0.04111589600572696
0 0.400914106491194 0.3763385173854067 0.03706766046291676 0.05821248933799979
0 0.21006024399963477 0.7715584686903171 0.07326202564056317 0.09767497867599957