0 0.6063739942342488 0.40310830562946565 0.7854504941186479 0.7454739473071512
0 0.26546023066658153 0.7495208016727368 0.16181832654882305 0.11443871551297527
0 0.7390128380843848 0.9059721975342938 0.29041471732199753 0.1880556049314123
0 0.5620076820460624 0.7713293611473896 0.12769563206674714 0.08771908525525056
0 0.5214745352799943 0.8122918758467106 0.12029921189493056 0.06551653663473153
0 0.29968582372374797 0.6345885204650723 0.19092597241038015 0.1346626843053107
0 0.39009506049476494 0.7779877176606818 0.10878185775648755 0.08361143939369349
0 0.2892994431273389 0.8925647947753317 0.1448012449116174 0.0870573439616777
0 0.06319388229388971 0.7394143820667471 0.12638776458777942 0.10070376413349429
0 0.0928117039814728 0.5908440852552503 0.1557254568065479 0.14684177973732648
0 0.013999465740117803 0.5803802187923355 0.027998931480235606 0.08263543758467104
0 0.3084876136378398 0.6460173433958507 0.21732469810012062 0.13292976594251654
0 0.4086226532132472 0.887850718565193 0.11182497060135788 0.082212713703953