0 0.4015625 0.54609375 0.1109375 0.16875
0 0.0640625 0.6203125 0.128125 0.1625
0 0.25859375 0.45078125 0.125 0.1875
0 0.28359375 0.63046875 0.1265625 0.14375
0 0.2703125 0.82734375 0.1734375 0.20625
0 0.484375 0.83203125 0.134375 0.16875
0 0.50625 0.65859375 0.08125 0.1171875
0 0.078125 0.2296875 0.134375 0.15
0 0.01640625 0.34609375 0.0328125 0.1046875
0 0.03828125 0.48359375 0.0765625 0.1359375
0 0.17421875 0.40703125 0.1421875 0.2265625
0 0.36328125 0.39609375 0.0890625 0.125
0 0.51171875 0.5546875 0.0625 0.0625
0 0.5375 0.621875 0.0421875 0.0609375
0 0.55859375 0.7703125 0.0875 0.1078125
0 0.58359375 0.853125 0.053125 0.0671875
0 0.39453125 0.77578125 0.0890625 0.125
0 0.45 0.66953125 0.08125 0.115625