0 0.4071669222089926 0.49522003376666246 0.3693358007211808 0.22868055366555087
0 0.640145036000451 0.38606670580241886 0.19651393692972227 0.11987720452587265
0 0.12750925769635346 0.8311767562465159 0.2540017414506252 0.2405078670936593
0 0.3920387635833679 0.1719143439733169 0.1664627610179168 0.10407948770335987
0 0.5796472131465276 0.19972520570422297 0.1470945119678472 0.07740790339440444
0 0.5593373259880555 0.06548656109041724 0.1356478656913195 0.05546927088084712
0 0.7745791598598958 0.14781675117835036 0.11053876291777769 0.050636325135573215
0 0.26039002650114573 0.12268702449508442 0.11704333605604171 0.0616101865718917
0 0.31407937737482633 0.06456999746591721 0.07896145459715279 0.03639201795398088
0 0.21073617182774296 0.074544961165172 0.11624324905006951 0.027235186571891702
0 0.4368622607335763 0.09197685909862742 0.13245013050895835 0.052326090162687876
0 0.7990174218277429 0.07112244097169591 0.09327852773541671 0.047411331185697445
0 0.6699845384689931 0.043751940775304185 0.07739895459715278 0.03638292759490127
0 0.633339176861736 0.008803798646483302 0.06922277868534721 0.017607597292966605
0 0.10601295744694442 0.04312731040304619 0.09625805737069446 0.04117951190385668
0 0.8512253935236455 0.5129463266085112 0.1985492156150695 0.14019879488495235
0 0.8240790524336106 0.6388684771742452 0.2554161582443751 0.09991013817089804
0 0.7694980423656244 0.7688559590238727 0.19364351006798622 0.13079652380771342