0 0.19732565216496062 0.4857148764847505 0.23651289462538866 0.12387072367353405
0 0.3076499601845253 0.351032336434738 0.13661931043863912 0.09600648495630519
0 0.2505438444983318 0.24391616989997517 0.11090667889684287 0.05626202335696497
0 0.43264152588483623 0.44130433227810284 0.18036931043863919 0.09727947994174038
0 0.34000524680446675 0.5840805171552658 0.258205884102045 0.12138222116625172
0 0.7321248573701628 0.5311945802330389 0.17143392619541978 0.13133623119538154
0 0.9106894731269435 0.5604321361846759 0.10362479991529554 0.09192673871722903
0 0.6178964864222973 0.4241753535900038 0.09426521046687401 0.06513691818411545
0 0.5855243312029778 0.37894542161583483 0.07138915258848363 0.04731292069139794
0 0.5420326654603146 0.3309087383880245 0.07258763154179633 0.04110838479802066
0 0.44626513915195537 0.3258695488920081 0.08710515785015538 0.049330061757624756
0 0.6803370312876824 0.28697321879198323 0.06137711575678075 0.036102636051661904
0 0.7536765497741211 0.21597274551416046 0.057797089448421345 0.028199207838416562
0 0.8263096839467533 0.2537706107161398 0.09584312101845249 0.03866534639736088
0 0.9751959630271226 0.2804514680005604 0.049608073945754685 0.06909699247815268
0 0.9633249300710865 0.40220444754658924 0.07335013985782694 0.05397209765100204
0 0.8475083917122042 0.38932166580984706 0.09408319994353036 0.062011918184115444
0 0.7482371628294786 0.3241262263138306 0.06633763154179632 0.04092652837152997
0 0.6205789545699176 0.712084530549608 0.11997784200867016 0.10488137978345584
0 0.8107518443571575 0.8766458210618389 0.37849631128568506 0.213246775402029
0 0.5397630521226083 0.5203576832943173 0.09655575256024881 0.07768238229073816
0 0.1710159682182074 0.20866664317779787 0.057797089448421435 0.028199207838416562
0 0.4716985076807463 0.2116562847062431 0.05587056840173403 0.021903743731793844