0 0.5563511008135087 0.8701777458060874 0.22286832551403837 0.2596445083878251
0 0.6429419808063634 0.22524648440212838 0.26807156487037653 0.3247237638079625
0 0.6283178440282449 0.5580295901043042 0.27084663962811034 0.40882536173444384
0 0.8510658372429809 0.22773437177272982 0.11055472376899793 0.1152722684261109
0 0.9546718024620041 0.2973229933091185 0.06924130891829208 0.12408134043361096
0 0.875995509383154 0.4445014982100909 0.14509325075630458 0.2316586860510183
0 0.9172928627176782 0.5620888308680074 0.11100247402109957 0.18829966531583314
0 0.7388511524423336 0.5959970647509707 0.1389525113999664 0.23267438190398124
0 0.6685504520543459 0.8230238542415735 0.24570452799571285 0.3539522915168529
0 0.4183979967226799 0.9738939956646755 0.09852461733238069 0.05221200867064901
0 0.8085523752029253 0.7907422196992113 0.14498399011264312 0.23009618605101814