0 0.7574472978952702 0.8521019080724577 0.16647402840691897 0.29579618385508477
0 0.9127053624230413 0.6632390586816834 0.15688874837514674 0.22364994120271575
0 0.4382609212720647 0.8753097749876281 0.09178985389503395 0.16091756784239591
0 0.5636814813356089 0.6785719730877486 0.2168831314911742 0.35167976594251654
0 0.4119412978919749 0.36721731399720864 0.07639095048646745 0.08361808344622812
0 0.503826609173335 0.21016613183960448 0.14239778003177223 0.1089323439616777
0 0.19928024188891574 0.8580935402527761 0.17948867694751697 0.08746013568479186
0 0.7986288202131092 0.34447469131425734 0.14351599512873606 0.1729948439616777
0 0.7621590807631208 0.059492181703318915 0.09259660308425524 0.02826884215265535
0 0.9672442268680868 0.22663317333557592 0.06207508035608385 0.15779921189493057
0 0.320282083202048 0.6009128833099424 0.10147277110331832 0.08961577792830404
0 0.14939288474417559 0.5802274898232347 0.07644549756436803 0.08674308344622812
0 0.5428199618571437 0.9616008601871077 0.11586255357072232 0.07679827962578471
0 0.7540505259745823 0.12084243950523503 0.07948867694751698 0.08221935775648759