0 0.5628807140401156 0.46953125 0.121461126022532 0.146875
0 0.4967913981258558 0.265625 0.14324519780928674 0.14375
0 0.4993256455520664 0.75546875 0.0958246285298145 0.125
0 0.3880137240027385 0.85 0.15339308762187223 0.1703125
0 0.5100371396795715 0.9625 0.08030727711788863 0.075
0 0.6136980341110106 0.79296875 0.06914245658477522 0.0671875
0 0.6637685787798766 0.71484375 0.06343802586424747 0.0859375
0 0.6536086656103259 0.58046875 0.06780727711788863 0.075
0 0.6671984895086517 0.403125 0.049330061757624756 0.084375
0 0.7492357511871341 0.45703125 0.046341454077492725 0.0890625
0 0.7334994394295095 0.37265625 0.03481292069139794 0.06875
0 0.2189391827655919 0.275 0.43619619358614453 0.4921875
0 0.5071117503292044 0.6203125 0.12106866943775678 0.0796875