0 0.4203125 0.23046875 0.1296875 0.3140625
0 0.28828125 0.3890625 0.1203125 0.1671875
0 0.29765625 0.53203125 0.1078125 0.1390625
0 0.4296875 0.5046875 0.0640625 0.090625
0 0.434375 0.5828125 0.0703125 0.075
0 0.46328125 0.65 0.0640625 0.0984375
0 0.5421875 0.52421875 0.0609375 0.084375
0 0.5859375 0.4671875 0.0375 0.0578125
0 0.61875 0.34609375 0.0421875 0.0609375
0 0.68671875 0.30625 0.04375 0.059375
0 0.5203125 0.303125 0.053125 0.0609375
0 0.57734375 0.0703125 0.0875 0.109375
0 0.27734375 0.11796875 0.1671875 0.1828125
0 0.0203125 0.62421875 0.040625 0.1734375
0 0.1421875 0.68828125 0.1484375 0.2015625
0 0.32734375 0.65078125 0.075 0.1328125
0 0.52734375 0.425 0.059375 0.0546875
0 0.62109375 0.1984375 0.0515625 0.0609375
0 0.73359375 0.278125 0.05625 0.096875
0 0.79140625 0.2078125 0.0640625 0.0921875
0 0.51171875 0.196875 0.0546875 0.0703125
0 0.3953125 0.7359375 0.0421875 0.0453125
0 0.3296875 0.78671875 0.059375 0.0484375
0 0.2234375 0.73125 0.05625 0.065625
0 0.2875 0.778125 0.0640625 0.059375