0 0.368059847805954 0.36328125 0.21906146590774292 0.196875
0 0.42691051663579616 0.55703125 0.15412621266133203 0.146875
0 0.5090020422033413 0.65 0.18068871266133185 0.146875
0 0.6420930060824894 0.75546875 0.2279728157455871 0.1703125
0 0.613379445204871 0.90078125 0.19494212743398442 0.1578125
0 0.7847714297835955 0.78359375 0.16465460957707698 0.1234375
0 0.9329172345754293 0.79140625 0.13416553084914148 0.1265625
0 0.8594485068965636 0.40703125 0.20869671022569988 0.2296875
0 0.6504592905817836 0.384375 0.17528419236879245 0.1953125
0 0.5841000848203105 0.16328125 0.25231034253094825 0.221875
0 0.5322353961016708 0.325 0.0952500446422686 0.0859375
0 0.239387602677218 0.19765625 0.20464440990138844 0.1765625
0 0.24453697848964456 0.08984375 0.10923072402541764 0.08125
0 0.37974382142762997 0.1375 0.08113299756436802 0.0828125
0 0.5049971915580136 0.0625 0.19436938311602708 0.125
0 0.36282332832748876 0.06328125 0.08096935633066593 0.0734375
0 0.7460014358726754 0.5765625 0.10818642126547431 0.1109375
0 0.655604306813838 0.634375 0.09042617694751698 0.078125
0 0.6316045560063545 0.0203125 0.07258411201270895 0.040625