0 0.63203125 0.896875 0.2421875 0.2015625
0 0.41015625 0.91171875 0.1671875 0.1765625
0 0.27890625 0.5921875 0.0953125 0.08125
0 0.19140625 0.803125 0.15 0.1609375
0 0.165625 0.684375 0.109375 0.0890625
0 0.2015625 0.60078125 0.078125 0.0734375
0 0.1953125 0.928125 0.15625 0.14375
0 0.52265625 0.79296875 0.1890625 0.1328125
0 0.43046875 0.6375 0.1015625 0.0984375
0 0.60390625 0.67421875 0.13125 0.1109375
0 0.4859375 0.484375 0.090625 0.0734375
0 0.425 0.490625 0.0578125 0.0515625
0 0.3796875 0.5671875 0.1125 0.0875
0 0.39765625 0.421875 0.03125 0.0296875
0 0.4578125 0.39921875 0.0453125 0.034375
0 0.62265625 0.37578125 0.08125 0.06875
0 0.60078125 0.5125 0.0875 0.078125
0 0.64921875 0.44921875 0.075 0.0640625
0 0.69765625 0.5375 0.128125 0.0921875
0 0.82421875 0.6625 0.103125 0.0921875
0 0.78125 0.56796875 0.1046875 0.078125
0 0.8328125 0.48359375 0.04375 0.053125
0 0.93671875 0.83125 0.1265625 0.103125
0 0.32890625 0.43984375 0.08125 0.0765625
0 0.26796875 0.47265625 0.0546875 0.0578125
0 0.3015625 0.39296875 0.0546875 0.053125