0 0.30534904941909946 0.39833191910889015 0.2270463052100677 0.1793976502711465
0 0.5781486945805352 0.3662678110904173 0.08263702564056316 0.0973295179539809
0 0.45929814888098025 0.49902628981678665 0.1077825748547749 0.10059996369925486
0 0.374045661286977 0.6987950065411036 0.17879289578060834 0.2166067587805987
0 0.16790482319763583 0.7023386839396131 0.22279976095825474 0.25591469847574844
0 0.5456442938375282 0.07106439539937266 0.1096019400324213 0.13966246369925478
0 0.7351285947043698 0.4145866155415351 0.05389128742738745 0.05029998184962743
0 0.7128983378799443 0.5413127420049682 0.06181510339082212 0.08627384328594587
0 0.7670229117012618 0.5456866246167215 0.04437073821317572 0.047120439695149584
0 0.727714316787495 0.6748564950300303 0.0667594685684687 0.1253545240041051
0 0.6672455436281313 0.6181615883159761 0.06526543507002262 0.0597386143631848
0 0.6437930810555187 0.6683115792407899 0.04818494292790554 0.028397710772388507
0 0.5043281666636605 0.6269240308397962 0.08801373035529281 0.07861587939029935
0 0.8006016991286492 0.5955048174351291 0.05152826674922295 0.03310339149054773