0 0.453125 0.85703125 0.384375 0.2859375
0 0.059375 0.83984375 0.11875 0.1671875
0 0.13828125 0.70078125 0.190625 0.1484375
0 0.23203125 0.584375 0.234375 0.1515625
0 0.296875 0.490625 0.134375 0.0859375
0 0.46328125 0.49765625 0.084375 0.05625
0 0.76875 0.67265625 0.1640625 0.0875
0 0.80234375 0.80234375 0.2140625 0.125
0 0.8609375 0.94375 0.125 0.1125
0 0.7859375 0.4796875 0.10625 0.0578125
0 0.7796875 0.42421875 0.0703125 0.040625
0 0.4171875 0.4125 0.265625 0.0984375
0 0.4703125 0.3609375 0.0953125 0.046875
0 0.5265625 0.32265625 0.115625 0.065625
0 0.46875 0.36328125 0.10625 0.0484375
0 0.5375 0.2796875 0.059375 0.025
0 0.56640625 0.39765625 0.0875 0.0390625
0 0.66640625 0.34375 0.0390625 0.0265625
0 0.7515625 0.3765625 0.0703125 0.040625
0 0.6953125 0.3734375 0.028125 0.021875
0 0.65546875 0.2921875 0.05 0.028125