0 0.5748434689069193 0.8686024670392936 0.154495278797871 0.2627950659214129
0 0.6787007610407099 0.5373060260979955 0.12308629788366651 0.13099655601527188
0 0.5493633027154583 0.3207532307447237 0.05819462152108805 0.15833975867281785
0 0.6494743572670846 0.15769979475649584 0.10015898091420468 0.13697383601209037
0 0.4523759587842934 0.10066690272913348 0.08820111485312836 0.12434656667727224
0 0.38713527225059746 0.5933447513924064 0.06508235030926075 0.16622498400699967
0 0.39796223345078674 0.9109595127307244 0.05063747091226496 0.08488407733927232
0 0.35652416148035504 0.9300271387253154 0.032557150608823096 0.07374658267027243
0 0.31460669694618587 0.629254432049634 0.03836061151914842 0.10659544533736351
0 0.32726567786039046 0.49333511338317954 0.024649055759574167 0.0533613573360908
0 0.30089475437275 0.5673175060470887 0.024234467578285023 0.06740567600254543
0 0.32488933226223543 0.2829515967138615 0.035427059093554106 0.07065794533736343
0 0.2587081569384272 0.835049898710998 0.03906224212409217 0.07694430800445425
0 0.28616321936596123 0.7477862560470887 0.03427914727484325 0.05659544533736351
0 0.3148150225404615 0.9428356740531338 0.03392820303441742 0.10966590133672724
0 0.6496673520969369 0.6534850094286775 0.0644768303053814 0.06319089067472686
0 0.27246699437081034 0.6185981953771343 0.031122196366457723 0.07529090133672707
0 0.2909774914958724 0.5163726240451798 0.02461710485118864 0.07209317600254543
0 0.2641437955884567 0.4714868380410436 0.021141418486670636 0.048637494668999894
0 0.34432524528889424 0.38014477005090674 0.040497196366457724 0.07539998933799978
0 0.2048978886015378 0.9290447993714075 0.03281224212409226 0.07687158267027243
0 0.1847125475453107 0.812293104034044 0.033194879396995836 0.08155908267027243