0 0.7837054511523384 0.46834440545404404 0.14084408525525022 0.13204864126984167
0 0.9619975896084639 0.3891539605112612 0.0760048207830721 0.13353199568106328
0 0.9724902329258297 0.25230480258398186 0.046855067842395924 0.09176599784053163
0 0.8138389292169281 0.31532882942045243 0.11420634215265543 0.09919656847545247
0 0.7384261714150119 0.3175037962624604 0.03206222749876275 0.047214961443337165
0 0.6617065411572872 0.27988507787929295 0.05910940637700648 0.08787953423772628
0 0.5733920708946136 0.42216461057585963 0.15835913387576941 0.13940006631598417
0 0.25381655529078134 0.4157005528977488 0.48011902645796606 0.3064011057954977
0 0.5952615061044355 0.631459267423405 0.12555327792830404 0.10770997532299767
0 0.6775649937799636 0.5230540869785916 0.07581222749876275 0.05001858883351815
0 0.9198034034363305 0.49497436149871027 0.10862472749876276 0.05212130937615385
0 0.39333499943417316 0.22531298966408367 0.04488977611928178 0.054265997840531634
0 0.4591237737444326 0.23264343074935515 0.07284435775648745 0.0825307001845701
0 0.8371967848257091 0.12216911473791284 0.07177318068726599 0.09180557063492083
0 0.8858190705559293 0.21794149212809383 0.047769114653892684 0.04977875693983034
0 0.9189900966752111 0.27145651834625556 0.028282130257724702 0.03451470234403846