0 0.34306513009226847 0.6992081286286117 0.5856306066995439 0.27613246260359964
0 0.23683166939845152 0.4931562787274337 0.15581474267981754 0.10588452090551304
0 0.4298089627227702 0.438034681174743 0.08479317067154532 0.04085178413027979
0 0.48838507873167886 0.5070268758566014 0.09747498400699968 0.057204826223654595
0 0.5338424820575882 0.45502403107592093 0.08317612667090887 0.03607327886860805
0 0.6266288713796797 0.37767184677623183 0.21951361600890867 0.07836573663405896
0 0.7639288767106798 0.3684928098033546 0.034647720003181705 0.025439615756780755
0 0.7784180907065437 0.3388886097892371 0.034647720003181705 0.025439615756780665
0 0.8452339680537703 0.44505458077945476 0.079143154678545 0.09205026308359247
0 0.9094868247135434 0.39805004913883657 0.04934656667727211 0.0809461631118273
0 0.974439662714816 0.4112017674982183 0.039735209341181486 0.06008763154179615
0 0.6816356394016332 0.5424847756730747 0.17897952267663583 0.08381209983059072
0 0.7493583940563155 0.45820775718663603 0.07570907200827222 0.06530575256024881
0 0.9851573446849082 0.34635031222242896 0.029685310630183537 0.04253611049510884
0 0.8999385547024076 0.3155182701996414 0.04398635733609098 0.02286064732681172
0 0.9613936753659985 0.2964567280356794 0.031577264003817974 0.02994510523343701
0 0.8306800247055891 0.3349060360552441 0.03791817067154533 0.03812162628012441
0 0.3988311353834977 0.39251007857214193 0.08948067067154533 0.041124799915295364
0 0.02473220607890546 0.5822965605092263 0.03344884667409057 0.056598610495108836
0 0.385181546785449 0.8968412628012438 0.14811133068109025 0.1148044945971538
0 0.29167754213076674 0.9723177393707756 0.12885225334181777 0.05536452125844882
0 0.8291828014003606 0.5417097729010645 0.06344542934436319 0.08489021046687402