0 0.3128002723963096 0.4327885726608633 0.11846658008391256 0.042211357718385044
0 0.31537989812125583 0.48148074064564084 0.13984467261537983 0.05710152866891214
0 0.40416417529145027 0.8197221813678315 0.27602081618646535 0.1685722223568522
0 0.503910524470902 0.44449402969467633 0.08373638257342346 0.03612318380210837
0 0.6442959582844365 0.6085140618236295 0.07722627344521679 0.052992348821136306
0 0.2358061842145199 0.7352795612921568 0.11460787427505377 0.05295785672980173
0 0.27318963027511645 0.6349267342198501 0.13866068091374953 0.04147652866891214
0 0.9168939313147348 0.5686835351690648 0.0901998701258691 0.059751684790691505
0 0.5003002723963096 0.4404286122041903 0.08144017676456468 0.04693334980971962
0 0.7363687495757927 0.4069462446371547 0.19420028589277133 0.034393540531910106
0 0.8288979464615819 0.49927034889549854 0.06943708423309758 0.03242518083635879
0 0.8928070811095978 0.47287894524517693 0.05369368506293455 0.03022601087441501
0 0.537140189412612 0.2851972841433006 0.09166728174358649 0.03800401878308026
0 0.4657397087086439 0.22429693482787255 0.0898679834032606 0.034815351786885884