0 0.6612493193825432 0.3816176568348374 0.3674987720400891 0.3059056368430847
0 0.2849669880251352 0.1933852532987053 0.450802168045816 0.35050273449408686
0 0.2371787567631774 0.7175979916202228 0.11953179734245412 0.07064277210332381
0 0.35191232407699646 0.5772350675636125 0.3976760733609078 0.2146274189755383
0 0.5426656880967228 0.7280487244649569 0.2449681493475449 0.11177990063313814
0 0.4146599614496765 0.8688064536152744 0.2794158746817265 0.1190301109788372
0 0.6919304387730405 0.8034615645941117 0.18713746801399936 0.10853522868809903
0 0.9368123933799979 0.7521420716537406 0.1263752132400043 0.07890991316955062
0 0.7192180027450419 0.5980753826199426 0.15732269867918128 0.09673391066226814
0 0.8884305320655426 0.5084997202418149 0.1720033640197265 0.15026808762187222
0 0.7247550993395906 0.06716636341961271 0.3276351986791813 0.10168949828414035
0 0.8746471060232264 0.1964854535487674 0.13459427068745383 0.15698944906292792
0 0.6694020054503127 0.8809046029947714 0.129143154678545 0.09122805674305993
0 0.85865540945254 0.9028120098961159 0.20252611067790838 0.08867736975432586
0 0.6358815281269488 0.9533418926490725 0.1696590666772721 0.08303512351524986
0 0.2782497467774949 0.824226076339101 0.2700045120146357 0.11563232633910125
0 0.2495264047978576 0.9686339912245113 0.17109429734245413 0.0627320175509773
0 0.02795556138604303 0.3889632115993402 0.04820223734881747 0.11542642319868043
0 0.15541803739654253 0.46998955423577743 0.20955790802036267 0.15604672618081672
0 0.07398786608845048 0.653494724531464 0.10283519334818114 0.11233016693047429
0 0.37347933609163214 0.6856386009497074 0.09751134667409059 0.05750627461060631
0 0.31032590276890437 0.7618995725781774 0.14287839067472685 0.06351223370266404
0 0.755483314091314 0.6944108250189529 0.11954997867599956 0.07220527210332364
0 0.9241514980903596 0.6922896985342024 0.13995338534372692 0.0806088054894186
0 0.43705367679817575 0.9736601235152496 0.17728975334181776 0.05267975296950098