0 0.21562650662476263 0.592450623437527 0.2644680095477696 0.18496434712916762
0 0.0506596216760077 0.40772076571442833 0.1013192433520154 0.08394933674699842
0 0.1518977385781306 0.46004837613894994 0.08442346680652095 0.06714126834526439
0 0.22361199230310821 0.8495119655167842 0.1808034045687478 0.18942506299888784
0 0.41132732508631314 0.7333240653473752 0.2281520012493999 0.19840522084904322
0 0.2296693862984011 0.36570611291418326 0.04500576929603186 0.060178636803468064
0 0.336486226130576 0.44725849175455634 0.15492614357108553 0.1148044945971538
0 0.3601031701165801 0.3426997943712749 0.04370337842423862 0.04299113680346807
0 0.4039491811142423 0.27149192328223515 0.048035680913749525 0.03857665258848364
0 0.18531665766902544 0.3089786998023559 0.04166728174358649 0.03665013154179615
0 0.16116784003266751 0.36877863403145783 0.051042281743586534 0.037196163111827295
0 0.19558057406062793 0.2460159682182074 0.03420997925407558 0.04088260523343701
0 0.3360755194965246 0.24556718913783787 0.05404888257342346 0.03581567363517104
0 0.2718936977109817 0.2951884865634717 0.06844326929603187 0.06154371572854585
0 0.1393538848485086 0.2631432840596927 0.050308575934727706 0.04804265785015547
0 0.1072033130629658 0.3146301893495994 0.06917697510489074 0.05069722099021767
0 0.673429196461582 0.5053333861681836 0.10004846680652087 0.06805132096198285
0 0.6565861611935103 0.4376530625047776 0.04455548340326061 0.033707142065139806
0 0.48090092219117253 0.3536589521508432 0.12729805103961844 0.09919490514873237
0 0.2993306908625045 0.3783950996894164 0.06425267676456467 0.0472992052052021
0 0.24522537655013882 0.25361563659170655 0.02365098755244537 0.024711573663405862
0 0.7544316653426952 0.4511988939901041 0.10473596680652104 0.06832433674699842
0 0.90497242654085 0.6702659543581561 0.08366645020978111 0.09820925782192055
0 0.7283041053800072 0.6199565992658934 0.11650226099766207 0.07989887357870132
0 0.7655565742611206 0.5632739597610023 0.0600387734452168 0.053276189420186526
0 0.6230418006154111 0.3211334204396377 0.05104228174358649 0.037196163111827295
0 0.688109770946417 0.3633733993223632 0.0393710759347277 0.04740562101845249
0 0.742986525095602 0.3744165861117138 0.05426237012586874 0.05916216837349921
0 0.575833991277423 0.39528428100533375 0.06796967261537983 0.05529371572854576
0 0.6529759091189179 0.4335192993505981 0.042519386722608486 0.027366136803468066
0 0.654454976130576 0.4657780625047776 0.02833848755244528 0.024984589448421347
0 0.5810432161585991 0.988756476040128 0.15426237012586874 0.022487047919744187
0 0.2496364989510928 0.48535846025511253 0.06245337842423861 0.04408319994353036
0 0.5116083157622582 0.248728528445085 0.06389747925407559 0.0426117052052021
0 0.5743092253053834 0.2704284941736308 0.046354781743586496 0.03692314732681172
0 0.524214136923101 0.2894823310618035 0.044792281743586494 0.03683214206513998
0 0.3742159821538606 0.1771657996329467 0.05248638257342346 0.03572466837349917
0 0.37222004874131137 0.5866618969738759 0.06614706348717307 0.0722992052052021
0 0.45866795683454403 0.5124424179499762 0.09330155933798814 0.08165879465362344
0 0.42954209958043715 0.21334549431480515 0.05210787427505377 0.05125866311182729
0 0.3597369012215335 0.9572229958772782 0.13269594606059662 0.08555400824544357
0 0.23775515744531087 0.973533294441862 0.09045997925407559 0.0441587946536238