0 0.5173427706718327 0.7821057386507219 0.12549825262089379 0.13309730799670128
0 0.5860765769656675 0.9694620199917526 0.12844397748246603 0.06107596001649469
0 0.721693901919525 0.990473859296231 0.08834060919158375 0.019052281407537917
0 0.6682951989571777 0.8326777031530561 0.0942086798265045 0.10723348997087001
0 0.6700264821151698 0.7568055249398107 0.04555233189368781 0.029397994985435005
0 0.7114513209486878 0.6844364314454436 0.08435401603912887 0.0508016335443795
0 0.5743599360003676 0.576347483636157 0.13118704811738696 0.14885870031656906
0 0.5975806971022511 0.250634429796091 0.2829636057954977 0.47299018527287434
0 0.36571612122554303 0.571059275402029 0.10115958667404978 0.11835284639736088
0 0.46908334824658376 0.6679917628656167 0.04689358883351815 0.0746650308788123
0 0.4837816941768157 0.914972062944759 0.04733367982650449 0.10586956677218992
0 0.7791544648394231 0.4218515149106808 0.0525032387412331 0.040517351411925875
0 0.7686990237541517 0.48729465848419 0.07920544108527139 0.06780727711788863
0 0.8584603215669967 0.882042520320957 0.08838018198597268 0.06495506175762458
0 0.7606445828257636 0.9183317098169737 0.048116127390180986 0.04506845909205772
0 0.7057673157069005 0.9441296801918024 0.032952202344038464 0.027471782132453625