0 0.18984375 0.7671875 0.2078125 0.1375
0 0.1109375 0.90625 0.159375 0.140625
0 0.67734375 0.77734375 0.1109375 0.1125
0 0.8234375 0.7453125 0.0546875 0.0703125
0 0.16484375 0.6140625 0.2515625 0.1140625
0 0.3390625 0.5453125 0.41875 0.2109375
0 0.6984375 0.58046875 0.278125 0.1390625
0 0.4765625 0.66484375 0.2625 0.1703125
0 0.696875 0.9171875 0.2296875 0.15625
0 0.35859375 0.7609375 0.1125 0.1015625
0 0.90390625 0.521875 0.128125 0.1109375
0 0.36953125 0.3796875 0.1828125 0.121875
0 0.50234375 0.4265625 0.1265625 0.0859375
0 0.9328125 0.67578125 0.0828125 0.078125