0 0.5516013852244142 0.8415683210745628 0.5010919746976349 0.26297914532809336
0 0.550876868594867 0.5678576694654085 0.3939510893539081 0.17898692155909543
0 0.7484433066120479 0.45500738024495624 0.32120338534372694 0.09896093195065561
0 0.506646705283275 0.40447823047738735 0.2693681653405452 0.07191783070981846
0 0.7703370352880475 0.3877323989343897 0.2551420333386362 0.05687198491686285
0 0.2230978612746845 0.4479833039746133 0.22411020934118148 0.0734367720436282
0 0.2284762519494114 0.3889360859055985 0.1957852146721816 0.05428258045771681
0 0.3758785106222294 0.3538940864098016 0.12400112133990877 0.05706909084927707
0 0.050233073281366024 0.3866366225281607 0.09122498400699967 0.0578996173323806
0 0.1632876039545021 0.3468471388718056 0.12870680267345422 0.05895937278026224
0 0.3549398492998197 0.2718956873985373 0.1849204400063634 0.05976775595208465
0 0.24663645329409273 0.3065442029858776 0.14720226400381797 0.03839550050420311
0 0.5483898572963198 0.3112252572125925 0.15812158267027243 0.03759782500983526
0 0.6253881619589564 0.3463211590738483 0.1564863573360908 0.03123856436617345
0 0.6488262093014106 0.2807179384069435 0.10966590133672707 0.03264824505632147
0 0.7964824593014106 0.29104306923297746 0.12372840133672725 0.03363159084927707
0 0.7053034759707286 0.26512007157876594 0.06740567600254543 0.02344820767745457
0 0.6555489239735921 0.24052998098159045 0.0799238573360908 0.025884792826748538
0 0.5299131246419557 0.21923449916682075 0.06898635733609079 0.025119968321116383
0 0.600443800644501 0.20540122813159883 0.05479658800127272 0.013199122528160778
0 0.6995807346435465 0.21937052900411902 0.059484088001272716 0.01352690445914595
0 0.38441881130650124 0.2246982593062794 0.09863749466899989 0.024070920550689313