0 0.8402564653942501 0.7702019957965875 0.31049972946898097 0.2189055778660478
0 0.4978068854407363 0.7197918878763104 0.17309828243518838 0.15250789734428025
0 0.3344006772590787 0.5048658037637468 0.1693834205506893 0.09938289734428025
0 0.1523912065921738 0.5264539365718918 0.16688113342392402 0.13060562626704134
0 0.1589532909851631 0.31876415641946654 0.15038204827463014 0.11801472267624522
0 0.6384108340640131 0.4746162641433519 0.17930472376899792 0.10724993949875791
0 0.9315484648900471 0.6239178691367627 0.09866672896477802 0.07085792154477702
0 0.9607371711809432 0.5944212666774347 0.0785256576381137 0.050454517953980905
0 0.6941802328231759 0.42339919778837737 0.11385468639013112 0.0646988251355733
0 0.5635040331914929 0.3750020835233885 0.05887225544788173 0.03782725292686617
0 0.6406128364098016 0.3832600111182898 0.071590776735205 0.04102497579950324
0 0.3679405248936197 0.28093340007475476 0.08027736188449897 0.05357042759490129
0 0.9030524882710574 0.4620991251868869 0.08852690445914604 0.059865879390299345
0 0.8138971531217635 0.44908551989888856 0.06577781930985224 0.04723861436318479
0 0.9644495381351714 0.5617542124227086 0.07110092372965723 0.06312723477649378
0 0.6150707950956624 0.7439020744482022 0.08515053218308673 0.07858860831306061
0 0.6973709348006473 0.3796855592246958 0.08318384059717551 0.050463608313060605
0 0.5962401235365669 0.3517645714231401 0.07649679802252862 0.04417724687674198
0 0.5618761951922074 0.3070515142415477 0.053856973516896466 0.03311248184962743
0 0.45261580967459647 0.3415578035673551 0.08696440445914604 0.059856789031219736
0 0.9827735672161652 0.4540689774498232 0.03445286556766973 0.050372704722264315
0 0.9045660757661398 0.3832337818027452 0.08808986188449879 0.05361587939029935