0 0.33515625 0.6796875 0.5828125 0.2421875
0 0.23125 0.4796875 0.1546875 0.096875
0 0.425 0.41328125 0.084375 0.0359375
0 0.4828125 0.47890625 0.096875 0.0515625
0 0.52890625 0.42421875 0.0828125 0.03125
0 0.62265625 0.34140625 0.21875 0.065625
0 0.76015625 0.32421875 0.034375 0.0234375
0 0.775 0.29375 0.034375 0.0234375
0 0.840625 0.39609375 0.078125 0.0875
0 0.90546875 0.3453125 0.0484375 0.078125
0 0.9703125 0.3546875 0.0390625 0.0578125
0 0.67578125 0.503125 0.178125 0.0734375
0 0.74453125 0.41484375 0.075 0.0609375
0 0.98359375 0.2890625 0.0328125 0.040625
0 0.896875 0.26328125 0.04375 0.0203125
0 0.95859375 0.240625 0.03125 0.028125
0 0.82734375 0.28671875 0.0375 0.0359375
0 0.39453125 0.36953125 0.0890625 0.0359375
0 0.01796875 0.58125 0.0328125 0.0546875
0 0.375 0.875 0.146875 0.10625
0 0.28046875 0.96328125 0.128125 0.0625
0 0.8234375 0.49375 0.0625 0.08125