0 0.5338845696751836 0.17109375 0.11655832884638358 0.246875
0 0.6821211443649321 0.2984375 0.08930184389007838 0.115625
0 0.5611985420950765 0.41171875 0.08846676959604131 0.140625
0 0.4159422148980455 0.30625 0.201024257059629 0.25
0 0.4619871184341776 0.68046875 0.13652383636823107 0.18125
0 0.5726314502500621 0.58984375 0.06411998746358769 0.109375
0 0.619878523290458 0.57578125 0.03936402837152997 0.0640625
0 0.6700316359851548 0.52734375 0.041381169437756785 0.0796875
0 0.6790680036944167 0.43515625 0.05111988229073816 0.0921875
0 0.7712230967930722 0.24609375 0.038710810503983596 0.0953125
0 0.7285224344149446 0.41640625 0.026954956584775223 0.0671875
0 0.668038541632858 0.72734375 0.04285274122451135 0.0765625
0 0.7275475854437942 0.8125 0.04763116943775678 0.0796875
0 0.7647460570722643 0.7484375 0.04239810015828453 0.0609375
0 0.7085438696878189 0.66953125 0.03302310015828454 0.0609375
0 0.5753666229865242 0.95234375 0.05521634890464337 0.071875
0 0.704150852532553 0.975 0.06551735141192587 0.05
0 0.7692360141192579 0.5 0.021449102665567033 0.0390625
0 0.7916960358268703 0.46640625 0.023784492478152685 0.065625
0 0.8347209586298394 0.3609375 0.0235571719450391 0.0578125
0 0.7820064502500621 0.58984375 0.0282446719450391 0.0578125
0 0.7959900453937817 0.69453125 0.020204851411925694 0.05
0 0.7510352465682807 0.653125 0.015153638558944315 0.0375
0 0.7707172607540457 0.68515625 0.018551423198680438 0.046875
0 0.8289543434278599 0.43125 0.013682066772189926 0.040625
0 0.7172248847315137 0.53828125 0.032886707838416386 0.05625