0 0.89921875 0.8890625 0.1546875 0.1875
0 0.88671875 0.7609375 0.0640625 0.0515625
0 0.44765625 0.4078125 0.0984375 0.0453125
0 0.44453125 0.653125 0.1171875 0.1234375
0 0.46953125 0.88046875 0.15625 0.1671875
0 0.628125 0.8453125 0.078125 0.096875
0 0.5640625 0.696875 0.11875 0.096875
0 0.67890625 0.65078125 0.0625 0.0609375
0 0.7125 0.8921875 0.0421875 0.0703125
0 0.43984375 0.45078125 0.0328125 0.0234375
0 0.1953125 0.26875 0.04375 0.0203125
0 0.29140625 0.31328125 0.05 0.03125
0 0.19375 0.33984375 0.0390625 0.0234375
0 0.215625 0.44375 0.040625 0.0328125
0 0.134375 0.246875 0.0328125 0.0296875
0 0.15703125 0.30078125 0.0671875 0.025
0 0.2453125 0.4015625 0.1078125 0.0359375
0 0.20703125 0.36953125 0.078125 0.03125
0 0.32421875 0.4953125 0.096875 0.0515625
0 0.2546875 0.53046875 0.0390625 0.0734375
0 0.35078125 0.35546875 0.0953125 0.034375
0 0.10625 0.1921875 0.040625 0.021875