0 0.30221775149781205 0.44510902295447596 0.174010811219586 0.20578773531769165
0 0.49175874149587245 0.48764747167334976 0.18539485030926067 0.17363020678164426
0 0.6261815389204969 0.47126899276579887 0.09594971303635713 0.1647945541766104
0 0.756188161190491 0.5375938519475894 0.09384533697334127 0.10087760339082212
0 0.08470230340402132 0.42889978784167215 0.16940460680804265 0.3365668544242794
0 0.07818941756858669 0.18625852357364855 0.12487193849054994 0.1568022717116217
0 0.215832938780414 0.18763047084478016 0.13115388939893552 0.13841614474715103
0 0.8266109421143939 0.1420608740734958 0.30695085697722035 0.2135360769216895
0 0.8203456113499705 0.3236918637344136 0.3089282030344176 0.12334772456432468
0 0.8899093280101716 0.49167342225425015 0.1445467097023773 0.14993584160399784
0 0.26679185284584295 0.8600255475615819 0.14843698424818452 0.15945639081820956
0 0.333771285127475 0.6210871720448532 0.19559902667183912 0.14608740363849115
0 0.3311545340887049 0.043349681762508294 0.07407497091226496 0.08669936352501659
0 0.340227031962673 0.17016252688341743 0.08424719636645772 0.0786387303552929
0 0.49501025574987584 0.1808538161728317 0.15089230455162622 0.17046666542531544
0 0.031449306363548195 0.04847173325077699 0.06289861272709639 0.09346320967712844
0 0.1685428348473093 0.02955799038478881 0.2019768303053814 0.05911598076957762
0 0.7963672667905858 0.6937132653059901 0.12436175546001174 0.1505522717116218
0 0.905534972699941 0.6816241801121331 0.08447007909743362 0.17671235731976367
0 0.6078136604415849 0.31491198490791605 0.11428538273097573 0.10338617328319835
0 0.6496659337794441 0.19310760546224595 0.06065019970043757 0.09466183664159918
0 0.11089228133445321 0.7676668813076969 0.18998649758410405 0.22988020678164425
0 0.6850766306049438 0.01630768465799242 0.33102660151720864 0.03261536931598484
0 0.9535237416650503 0.01894780242153671 0.0920596963664579 0.03789560484307342
0 0.39537640181677114 0.023261909843744183 0.04808655575957417 0.046523819687488366