0 0.5232832187778655 0.4321338047852431 0.3410403387085138 0.2495047167185218
0 0.822557626759583 0.41937430072475806 0.23958053846084476 0.14937625730360066
0 0.7928787429706866 0.2843720093289003 0.24884853060296183 0.18076262499835236
0 0.6104558488427082 0.1553042978853843 0.38533830231458366 0.2955536022701809
0 0.3399164088102869 0.28975756980277684 0.2745035020669146 0.1952615016215578
0 0.2816757615819365 0.44902742978689075 0.1620334272121397 0.09337962743398442
0 0.30487135897690265 0.5385672167185218 0.05465326674922304 0.03373980032431163
0 0.7581440622438903 0.50973051947517 0.13012845574818713 0.07877165665497757
0 0.5947493422276796 0.5764662317327602 0.08692211124870504 0.05616027110331849
0 0.6324527034763847 0.5223923863591428 0.10352741439185813 0.043960280031772034
0 0.44198821526320897 0.5659809249156268 0.07769266046291676 0.0591216298696164