0 0.42265625 0.55703125 0.140625 0.0953125
0 0.6046875 0.55625 0.1703125 0.125
0 0.20703125 0.5578125 0.0921875 0.05625
0 0.221875 0.5078125 0.0375 0.040625
0 0.2765625 0.453125 0.034375 0.0375
0 0.346875 0.44296875 0.0515625 0.0734375
0 0.375 0.734375 0.0609375 0.0890625
0 0.41328125 0.47890625 0.0375 0.03125
0 0.1609375 0.5015625 0.0359375 0.0328125
0 0.621875 0.39609375 0.0671875 0.0515625
0 0.78984375 0.43046875 0.0640625 0.034375
0 0.8375 0.39921875 0.05 0.0421875
0 0.6984375 0.38125 0.0515625 0.0265625
0 0.79921875 0.5875 0.0359375 0.025
0 0.91875 0.82109375 0.1625 0.315625
0 0.22890625 0.825 0.14375 0.103125
0 0.94296875 0.51796875 0.0953125 0.1328125
0 0.4609375 0.43359375 0.0515625 0.059375
0 0.55390625 0.46015625 0.090625 0.046875
0 0.7 0.4625 0.034375 0.03125
0 0.41953125 0.63125 0.053125 0.03125
0 0.484375 0.640625 0.053125 0.0640625
0 0.40625 0.41796875 0.046875 0.0359375
0 0.02890625 0.915625 0.0578125 0.078125