0 0.23203125 0.696875 0.153125 0.303125
0 0.2765625 0.8703125 0.0875 0.19375
0 0.34609375 0.896875 0.0640625 0.1625
0 0.36875 0.6765625 0.071875 0.16875
0 0.34921875 0.41328125 0.0953125 0.221875
0 0.32421875 0.10234375 0.1515625 0.2046875
0 0.39765625 0.1984375 0.084375 0.1734375
0 0.44296875 0.26796875 0.0671875 0.14375
0 0.41171875 0.3984375 0.0515625 0.1140625
0 0.47265625 0.553125 0.078125 0.234375
0 0.48125 0.09765625 0.071875 0.1953125
0 0.5140625 0.2765625 0.0578125 0.1328125
0 0.52109375 0.128125 0.04375 0.1
0 0.53125 0.0171875 0.028125 0.034375
0 0.5359375 0.3734375 0.0421875 0.1140625
0 0.4046875 0.88046875 0.034375 0.0859375
0 0.4296875 0.7546875 0.0296875 0.05625
0 0.0515625 0.81484375 0.103125 0.2109375
0 0.571875 0.22890625 0.0421875 0.140625
0 0.59375 0.25859375 0.0328125 0.109375
0 0.56484375 0.359375 0.028125 0.0578125
0 0.5171875 0.4875 0.0390625 0.0796875
0 0.56796875 0.434375 0.0359375 0.078125
0 0.5921875 0.315625 0.0125 0.0421875
0 0.55078125 0.22265625 0.0375 0.1015625
0 0.57421875 0.1234375 0.025 0.0671875
0 0.6171875 0.16640625 0.0140625 0.0453125
0 0.51953125 0.55078125 0.0203125 0.0578125
0 0.50390625 0.596875 0.0171875 0.05625
0 0.48359375 0.63125 0.0203125 0.05625
0 0.503125 0.55 0.021875 0.0515625
0 0.453125 0.496875 0.0390625 0.1140625
0 0.4515625 0.40859375 0.0296875 0.0953125
0 0.51953125 0.36640625 0.0203125 0.05625
0 0.5453125 0.48671875 0.0203125 0.05
0 0.471875 0.7109375 0.0171875 0.0421875