0 0.4286232526208936 0.13702408197764146 0.1916215052417872 0.26242963636243805
0 0.314454635252862 0.4378171943973874 0.14232480721668547 0.1507557508107789
0 0.4367055767995588 0.6771854318154856 0.0822884731635293 0.16375458279171565
0 0.3320051896917703 0.8212882134721108 0.11888730721668547 0.15034664772652384
0 0.5267750740217816 0.9136508116851019 0.1069485117201923 0.13453073295387127
0 0.6060914227297907 0.43432359618110095 0.08913925046142523 0.173238676947517
0 0.6051962446013291 0.11591451541798022 0.06362001387966068 0.09163412094116259
0 0.6465827082041347 0.10415090096963939 0.04240634793281668 0.07721706493480815
0 0.6795394147102263 0.41141397605071733 0.05388406847545255 0.11019320616851011
0 0.6631004912052432 0.5445713494275118 0.03329216378737563 0.0567681972400564
0 0.6914572262458483 0.47561284374546897 0.03399307063492074 0.0677056972400564
0 0.6594304804079016 0.7552088404990581 0.0469937183831675 0.07573638555165925
0 0.7411919062292365 0.21661571915085842 0.05208173658176474 0.08206820616851021
0 0.7113425223606504 0.29881456452447575 0.04140505243632351 0.0615920649348082
0 0.688419754780362 0.09941853652129856 0.05095932757475108 0.11326365909060951
0 0.34640793722776014 0.3275615328711459 0.0733559592838688 0.07307503571381488
0 0.7213159045311934 0.4300918380634261 0.04250647748246603 0.0787795649348082
0 0.7002803161591007 0.5280520511317952 0.035956088833518154 0.07398297077900687
0 0.7253093969730543 0.5776526306770999 0.028204145588778217 0.05043637662320553
0 0.6428158744555204 0.654250312495881 0.051981607032115386 0.08050570616851012
0 0.7974535957733484 0.13253677393939686 0.04250647748246603 0.07877956493480816
0 0.8144885063215215 0.2522316651730989 0.044469495681063266 0.08505683847375849