0 0.55703125 0.884375 0.1765625 0.1234375
0 0.56015625 0.77265625 0.165625 0.1015625
0 0.8234375 0.67265625 0.1 0.09375
0 0.83359375 0.32890625 0.2015625 0.18125
0 0.8625 0.5046875 0.096875 0.0890625
0 0.53203125 0.4859375 0.24375 0.2015625
0 0.36484375 0.58828125 0.146875 0.13125
0 0.3609375 0.95859375 0.084375 0.0828125
0 0.340625 0.31875 0.140625 0.140625
0 0.7375 0.17890625 0.1015625 0.078125
0 0.78359375 0.04765625 0.1609375 0.0953125
0 0.68515625 0.928125 0.11875 0.0890625
0 0.5859375 0.98125 0.040625 0.0375