0 0.4796875 0.1796875 0.33125 0.359375
0 0.43203125 0.48046875 0.2109375 0.1421875
0 0.596875 0.58828125 0.0953125 0.06875
0 0.5796875 0.6359375 0.0796875 0.0515625
0 0.334375 0.5734375 0.1578125 0.0921875
0 0.43671875 0.625 0.13125 0.0703125
0 0.31640625 0.6421875 0.1203125 0.0546875
0 0.51171875 0.671875 0.0578125 0.05
0 0.41875 0.71015625 0.078125 0.059375
0 0.35234375 0.73671875 0.071875 0.046875
0 0.51484375 0.74765625 0.078125 0.0796875
0 0.609375 0.678125 0.109375 0.06875
0 0.9203125 0.29296875 0.140625 0.128125
0 0.7578125 0.5125 0.078125 0.1046875
0 0.2796875 0.86328125 0.0578125 0.04375
0 0.34375 0.790625 0.0640625 0.0453125
0 0.44609375 0.8 0.05 0.028125
0 0.4359375 0.765625 0.053125 0.028125
0 0.40078125 0.81328125 0.0421875 0.0390625
0 0.2828125 0.7296875 0.0609375 0.0453125
0 0.67421875 0.6328125 0.06875 0.05625