0 0.74609375 0.540625 0.4890625 0.4140625
0 0.20078125 0.584375 0.20625 0.109375
0 0.11015625 0.74609375 0.2203125 0.2328125
0 0.24453125 0.42265625 0.1046875 0.053125
0 0.36640625 0.434375 0.078125 0.0546875
0 0.57109375 0.8359375 0.171875 0.1390625
0 0.46875 0.44921875 0.0421875 0.05625
0 0.05390625 0.39296875 0.0828125 0.065625
0 0.1515625 0.36796875 0.078125 0.06875
0 0.0375 0.48203125 0.05 0.015625
0 0.52890625 0.31171875 0.0953125 0.04375
0 0.7 0.31015625 0.1359375 0.0421875
0 0.72578125 0.25234375 0.15625 0.0484375
0 0.5890625 0.25 0.090625 0.0546875
0 0.60703125 0.1578125 0.0671875 0.0359375
0 0.5484375 0.12421875 0.0515625 0.025