0 0.58671875 0.415625 0.2 0.1171875
0 0.65 0.31015625 0.171875 0.0921875
0 0.671875 0.840625 0.509375 0.31875
0 0.4546875 0.57578125 0.1453125 0.1140625
0 0.62421875 0.63203125 0.1421875 0.0828125
0 0.659375 0.54609375 0.0984375 0.0515625
0 0.85 0.46484375 0.2375 0.1296875
0 0.9109375 0.59140625 0.0984375 0.09375
0 0.0703125 0.3546875 0.140625 0.165625
0 0.23125 0.29140625 0.1234375 0.090625
0 0.2078125 0.403125 0.0859375 0.0515625
0 0.20703125 0.4640625 0.1140625 0.059375
0 0.1515625 0.53984375 0.1125 0.0828125
0 0.0984375 0.47890625 0.05 0.0328125
0 0.46015625 0.1953125 0.1 0.0546875
0 0.27109375 0.03984375 0.071875 0.046875
0 0.62734375 0.08828125 0.025 0.0328125
0 0.69609375 0.1609375 0.0390625 0.0484375
0 0.828125 0.15078125 0.065625 0.0421875
0 0.9390625 0.21328125 0.1 0.0828125
0 0.7671875 0.1578125 0.046875 0.04375
0 0.78515625 0.06328125 0.0390625 0.03125
0 0.72421875 0.0234375 0.0421875 0.0234375
0 0.72265625 0.1171875 0.034375 0.0421875
0 0.68125 0.121875 0.0265625 0.025
0 0.66640625 0.03515625 0.034375 0.0390625
0 0.940625 0.10390625 0.03125 0.028125
0 0.8421875 0.09296875 0.0296875 0.034375
0 0.86015625 0.03125 0.03125 0.03125
0 0.18828125 0.146875 0.3625 0.175
0 0.20546875 0.828125 0.1671875 0.1515625
0 0.2609375 0.67265625 0.1078125 0.08125
0 0.3359375 0.6015625 0.0875 0.0546875
0 0.30859375 0.396875 0.0828125 0.0796875
0 0.38046875 0.4828125 0.0703125 0.028125
0 0.30390625 0.51015625 0.0609375 0.0453125
0 0.4171875 0.43828125 0.0671875 0.0546875
0 0.60546875 0.16875 0.084375 0.0328125
0 0.6609375 0.24609375 0.06875 0.040625
0 0.553125 0.22578125 0.075 0.0390625
0 0.83125 0.271875 0.203125 0.0890625
0 0.79765625 0.20078125 0.028125 0.0171875