0 0.18707573566025643 0.47246751501753365 0.14279655405833439 0.10716939204448081
0 0.10025751259122773 0.35680733319875274 0.14737496974937897 0.08850121266133204
0 0.26373316354974524 0.5890862248394919 0.11936814441741399 0.10832278896022593
0 0.3885246061717612 0.48848047849293985 0.15068177693097126 0.1198057597392328
0 0.4601303988172182 0.8020423721622738 0.4174430718159236 0.31975476136079023
0 0.5846860129840111 0.6077002625851969 0.19590337334017516 0.10497169236879245
0 0.5805121182720095 0.519500833202048 0.06131020472226432 0.06512616801906326
0 0.33448706684595386 0.3777163023562017 0.08782725292686618 0.057777318181219076
0 0.39714614812984717 0.34928161079818815 0.06269998789975162 0.035465941558013546
0 0.15990976854315608 0.3081146887186398 0.08935339149054773 0.051554591720169365
0 0.26872623234060666 0.26793792776159114 0.06275453005422929 0.04484094155801355
0 0.15718474434265922 0.2394192357965405 0.08774543969514967 0.04371481818121907