0 0.4296875 0.7451564012531051 0.09375 0.10367042154477701
0 0.1078125 0.8290602652235064 0.1359375 0.1882908612399266
0 0.3453125 0.8925222806434044 0.109375 0.1225113251355733
0 0.51328125 0.5274825670423455 0.13125 0.14607609016268802
0 0.34765625 0.511258645104785 0.0703125 0.10197156615858276
0 0.4171875 0.5397603741257421 0.034375 0.03144998789975162
0 0.7953125 0.6922480072284746 0.3828125 0.27566463797450635
0 0.63359375 0.947876359393215 0.1328125 0.09764768052176756
0 0.48359375 0.8846865338648584 0.0921875 0.1145988311856975
0 0.32109375 0.7270381812091385 0.0953125 0.12555451190385672
0 0.6609375 0.4422485281093217 0.121875 0.14602154800821018
0 0.2125 0.6722012111651721 0.0546875 0.12531816256778647
0 0.20234375 0.8808540484991895 0.0890625 0.15676815046753845
0 0.1375 0.5468562984009937 0.0703125 0.09572156615858277
0 0.03359375 0.9357420572797881 0.0484375 0.12840680113146802
0 0.46015625 0.3199791392510526 0.0921875 0.1864738311856975