0 0.3921875 0.9765625 0.15 0.046875
0 0.56875 0.55546875 0.121875 0.0703125
0 0.60390625 0.3359375 0.21875 0.115625
0 0.70234375 0.23125 0.1234375 0.0984375
0 0.565625 0.15703125 0.1421875 0.103125
0 0.62109375 0.22734375 0.0453125 0.040625
0 0.4765625 0.25390625 0.06875 0.053125
0 0.378125 0.3390625 0.15 0.13125
0 0.18203125 0.20234375 0.1578125 0.10625
0 0.20078125 0.49453125 0.1328125 0.1421875
0 0.2375 0.8484375 0.1625 0.1
0 0.20390625 0.95078125 0.1359375 0.0984375
0 0.57578125 0.97109375 0.1296875 0.0578125
0 0.9 0.2125 0.103125 0.15
0 0.771875 0.54296875 0.0734375 0.078125
0 0.87890625 0.0140625 0.0703125 0.028125
0 0.09140625 0.92265625 0.075 0.0984375