0 0.5798810283926044 0.5485448677757688 0.30153276206571744 0.18671771615168672
0 0.8725025488110244 0.48528738367739344 0.21895338584218216 0.10158654671392994
0 0.8750149683184706 0.6244180798373276 0.22009922359113004 0.13439904671392994
0 0.7293999118725338 0.7991405981797275 0.33441967313564336 0.23450199828414037
0 0.4361831360118182 0.7333781720115462 0.24386410580511536 0.14445600831327016
0 0.34290930724854485 0.5929781440357277 0.15040179328391085 0.06056909012915472
0 0.344350266959859 0.49987300171585963 0.05232639183263199 0.023375315518548413
0 0.7894420229503087 0.4134100351684615 0.1220585384745874 0.05350073620994653
0 0.6157763444571879 0.3895275689502678 0.07943452885594056 0.039773205331134064
0 0.6649876599736173 0.432672163698276 0.10227182813030104 0.023267666930474284
0 0.47045640997361726 0.4383324449727998 0.06876984736759476 0.04726745658477523