0 0.515625 0.2125 0.1375 0.1296875
0 0.48203125 0.05390625 0.0828125 0.053125
0 0.59921875 0.090625 0.0671875 0.05
0 0.61953125 0.14453125 0.05 0.0328125
0 0.64140625 0.41875 0.265625 0.309375
0 0.89921875 0.6109375 0.1984375 0.1984375
0 0.9015625 0.2765625 0.0796875 0.08125
0 0.9171875 0.1609375 0.0734375 0.0609375
0 0.77265625 0.07578125 0.0734375 0.05
0 0.3015625 0.06796875 0.065625 0.0578125
0 0.15546875 0.0390625 0.1046875 0.059375
0 0.1203125 0.22734375 0.1265625 0.0953125
0 0.259375 0.3328125 0.1109375 0.0703125
0 0.04296875 0.48828125 0.0609375 0.1078125
0 0.190625 0.46015625 0.1234375 0.0734375
0 0.16484375 0.53984375 0.090625 0.046875
0 0.18671875 0.6484375 0.0625 0.053125
0 0.12578125 0.6140625 0.04375 0.0453125
0 0.11796875 0.759375 0.1140625 0.078125
0 0.34453125 0.47890625 0.0765625 0.075
0 0.33046875 0.3953125 0.0875 0.0546875
0 0.4046875 0.2765625 0.1203125 0.1015625
0 0.63359375 0.74921875 0.253125 0.34375
0 0.91484375 0.83515625 0.1328125 0.090625
0 0.81640625 0.95234375 0.078125 0.0953125