0 0.6279764794318592 0.7654826164359558 0.0709488466740904 0.059193329734219445
0 0.6252054680935412 0.7286136721114819 0.08510225334181776 0.06790699568106326
0 0.5885407147517233 0.6638106924695475 0.07707157733927232 0.04865634793281668
0 0.6288400927752678 0.8397013664359558 0.04880112667090888 0.03435401603912922
0 0.630103148114222 0.8811576812107805 0.0882454346753633 0.06966975478036197
0 0.49497417011454026 0.8748402251661143 0.042605670671545325 0.03864099784053181
0 0.4725457341263123 0.9600570319213745 0.06004770934118149 0.061617422886673975
0 0.5530219327657228 0.7645826480527884 0.07100339067472686 0.06388082973421945
0 0.5062191107574504 0.7006913263381335 0.029978401336727245 0.026902461443337168
0 0.4162497334499946 0.8854086829088235 0.06954997867599957 0.0731557001845701
0 0.40910085212440334 0.9419392851605769 0.052017033338636054 0.04236677513842757
0 0.377769583465903 0.9870761027131788 0.07710794000636331 0.025847794573642346
0 0.6223457394573124 0.9524819686877091 0.049055665340545215 0.05622901603912922
0 0.5806304067870399 0.9232660356220022 0.03633748933799978 0.0366779796419344
0 0.550352013446813 0.8705823241786652 0.036282945337363516 0.0319904796419344
0 0.6354349907701771 0.8026519494093778 0.12116702267663584 0.08114747532299767
0 0.490386120106586 0.815996151291991 0.09943747334499946 0.09224566162790708