0 0.36640625 0.975 0.1484375 0.05
0 0.565625 0.559375 0.1203125 0.065625
0 0.6125 0.34140625 0.215625 0.10625
0 0.71640625 0.2421875 0.1203125 0.0921875
0 0.58359375 0.1609375 0.1390625 0.096875
0 0.63515625 0.234375 0.04375 0.0390625
0 0.48984375 0.253125 0.0671875 0.05
0 0.38671875 0.3328125 0.1453125 0.125
0 0.1984375 0.1859375 0.1546875 0.1
0 0.2015625 0.47890625 0.1265625 0.1375
0 0.21953125 0.834375 0.1609375 0.0921875
0 0.18125 0.93828125 0.1328125 0.096875
0 0.5515625 0.97421875 0.128125 0.0515625
0 0.9140625 0.234375 0.096875 0.146875
0 0.76953125 0.55703125 0.0703125 0.075
0 0.90625 0.0234375 0.065625 0.046875
0 0.0703125 0.90078125 0.0703125 0.096875