0 0.48046875 0.3359375 0.2140625 0.1796875
0 0.50859375 0.53515625 0.1859375 0.190625
0 0.48203125 0.66640625 0.1703125 0.1
0 0.5375 0.81015625 0.10625 0.0953125
0 0.48203125 0.10234375 0.3484375 0.2046875
0 0.2421875 0.06171875 0.1625 0.1234375
0 0.23359375 0.19765625 0.146875 0.1359375
0 0.1421875 0.8 0.234375 0.3140625
0 0.321875 0.83046875 0.1453125 0.3109375
0 0.48125 0.9296875 0.159375 0.140625
0 0.89296875 0.38515625 0.16875 0.1515625
0 0.6515625 0.40390625 0.159375 0.2
0 0.08203125 0.28359375 0.0921875 0.0765625
0 0.20703125 0.31875 0.084375 0.0859375
0 0.20546875 0.47578125 0.1796875 0.15625
0 0.109375 0.0078125 0.096875 0.015625
0 0.075 0.11640625 0.0859375 0.203125
0 0.68828125 0.88203125 0.15625 0.1296875
0 0.66796875 0.971875 0.1796875 0.05625
0 0.32890625 0.615625 0.1109375 0.1171875
0 0.20546875 0.6328125 0.0984375 0.0640625
0 0.81328125 0.21015625 0.240625 0.196875
0 0.028125 0.628125 0.05625 0.33125
0 0.01640625 0.896875 0.0328125 0.09375
0 0.053125 0.34296875 0.0578125 0.05