0 0.5484375 0.7578125 0.178125 0.3640625
0 0.43046875 0.7125 0.0703125 0.184375
0 0.1453125 0.66640625 0.2234375 0.3421875
0 0.35 0.44921875 0.1453125 0.2328125
0 0.71171875 0.41640625 0.09375 0.1671875
0 0.721875 0.14140625 0.115625 0.1859375
0 0.86953125 0.253125 0.0328125 0.0921875
0 0.8359375 0.22109375 0.0171875 0.1
0 0.80859375 0.19765625 0.028125 0.075
0 0.809375 0.6078125 0.05 0.1109375
0 0.7203125 0.61640625 0.0640625 0.1625
0 0.55625 0.2859375 0.084375 0.1234375
0 0.8671875 0.40703125 0.0375 0.06875
0 0.8109375 0.41953125 0.025 0.0578125
0 0.78125 0.4078125 0.01875 0.0515625
0 0.93203125 0.29609375 0.0484375 0.09375
0 0.56328125 0.10390625 0.0890625 0.1375