0 0.0625 0.575 0.125 0.1625
0 0.14765625 0.38984375 0.0796875 0.0703125
0 0.2015625 0.2734375 0.0546875 0.0875
0 0.3953125 0.58515625 0.1 0.090625
0 0.4625 0.78359375 0.11875 0.1734375
0 0.5 0.44296875 0.096875 0.109375
0 0.6984375 0.6546875 0.0796875 0.1234375
0 0.30234375 0.07109375 0.053125 0.0234375
0 0.39140625 0.0796875 0.040625 0.021875
0 0.42734375 0.1390625 0.04375 0.0296875
0 0.38125 0.12890625 0.0515625 0.009375
0 0.36640625 0.175 0.0296875 0.04375
0 0.1953125 0.11640625 0.0328125 0.01875
0 0.23515625 0.0890625 0.0203125 0.01875
0 0.25546875 0.12109375 0.021875 0.01875
0 0.29609375 0.1296875 0.0375 0.021875
0 0.6421875 0.02578125 0.04375 0.0421875
0 0.7015625 0.0265625 0.0390625 0.0375
0 0.784375 0.1046875 0.078125 0.0796875
0 0.68359375 0.0890625 0.0328125 0.021875
0 0.97265625 0.521875 0.0546875 0.121875