0 0.5171875 0.85234375 0.25625 0.2953125
0 0.52109375 0.63125 0.178125 0.1609375
0 0.559375 0.4828125 0.1328125 0.0828125
0 0.5609375 0.39140625 0.1109375 0.046875
0 0.7265625 0.56875 0.1078125 0.0984375
0 0.9046875 0.63125 0.1484375 0.11875
0 0.9546875 0.49609375 0.090625 0.1015625
0 0.73984375 0.41875 0.0859375 0.06875
0 0.6546875 0.34921875 0.1359375 0.046875
0 0.584375 0.28828125 0.0828125 0.025
0 0.51328125 0.328125 0.06875 0.0390625
0 0.3859375 0.47890625 0.0765625 0.1046875
0 0.4171875 0.38671875 0.084375 0.0625
0 0.3203125 0.68046875 0.121875 0.2453125