0 0.4796875 0.32578125 0.0765625 0.121875
0 0.52265625 0.34921875 0.0953125 0.1453125
0 0.79375 0.575 0.2421875 0.303125
0 0.41484375 0.50546875 0.059375 0.0875
0 0.5078125 0.7046875 0.071875 0.084375
0 0.78359375 0.384375 0.0859375 0.121875
0 0.678125 0.37578125 0.084375 0.140625
0 0.3640625 0.9375 0.0828125 0.1
0 0.4125 0.50078125 0.06875 0.0890625
0 0.2890625 0.703125 0.0921875 0.1875
0 0.3359375 0.82734375 0.05 0.071875
0 0.28671875 0.87421875 0.04375 0.05625
0 0.2578125 0.46796875 0.0640625 0.0953125
0 0.23125 0.3765625 0.0609375 0.0921875