0 0.29953229030573303 0.6607149521080251 0.1994529688253195 0.21884327759614025
0 0.5847267451331961 0.653959986196987 0.2030914210548925 0.24855805113509036
0 0.4439428440282448 0.5083593396882792 0.10532092055068923 0.10015573295387145
0 0.5602505410620376 0.44468439772322854 0.14350933540139543 0.08833757142762977
0 0.709857421131767 0.5200407280793122 0.09282092055068922 0.0999375446422686
0 0.44925269292329356 0.3653087690714282 0.09397922896477802 0.07186709172016936
0 0.3487774455211836 0.38154564934808155 0.07799359604505725 0.08875458279171564
0 0.5038194966458054 0.2113849281620377 0.0924495799535137 0.049992091720169364
0 0.6100095124852472 0.24765543911908633 0.1178866225281606 0.0566784683433748
0 0.6250446506007481 0.3011077215864904 0.03946669158591121 0.0287795649348082
0 0.7017328367387777 0.31183276176453223 0.07046531930985207 0.048047762174864596
0 0.6649705280725874 0.35655888067709995 0.04455838317182241 0.05695911201270887
0 0.707414390209188 0.23058276176453224 0.05960422896477802 0.07126707386326192
0 0.5799885127373487 0.17360428449270368 0.08518338317182242 0.05766822402541769
0 0.44080568043804635 0.12815364244822275 0.07246486188449897 0.05432503571381497
0 0.5251096246218477 0.11945652678206593 0.07918475544788173 0.038836403408566644
0 0.5876642549436786 0.11976621834007953 0.03587179802252862 0.04432274431795715
0 0.649065930690148 0.05826170251176695 0.05095049480421991 0.03678297970746054
0 0.3448976007366341 0.10144904626382649 0.04491901609154336 0.039798885551659204
0 0.48291931863042203 0.9297154579935866 0.20412976114786474 0.14056908401282692
0 0.25979707299302285 0.4347467414752881 0.09591306956195353 0.12183981818121907
0 0.5061300316788836 0.07766844723676117 0.04491901609154354 0.03979888555165918
0 0.564790211612727 0.346205987414803 0.11116672896477801 0.07216710064862308