0 0.28110480306222413 0.9686043551161452 0.1528119331762962 0.05259098620028233
0 0.5166860288401862 0.549501978899977 0.12605394354388863 0.06772506249917605
0 0.5826308234681026 0.3307150227314667 0.22492067049962933 0.11001374837514692
0 0.6952175893023153 0.2296825823912691 0.12837786116879607 0.09428756249917622
0 0.5695135432137967 0.15075083320204802 0.1475379642790738 0.09930234496658023
0 0.6146510944861115 0.2232883064166868 0.04716752591898139 0.039826159090609534
0 0.46769818204500047 0.2445747455390684 0.07156193317629622 0.05117276217486459
0 0.3576014291702784 0.32606229910979084 0.15624858294074045 0.12753643912238158
0 0.1821700766256485 0.1824737605533068 0.1634363663525924 0.10270008035608366
0 0.15966363223328797 0.47538796347540613 0.13859219123481453 0.13970915665497757
0 0.14653289637055716 0.8305430677774772 0.1690028611687961 0.09499667451188501
0 0.09916102742606661 0.9351175194817607 0.1412879642790739 0.09919325081077872
0 0.46632940358060376 0.9645911907505301 0.13263613421305537 0.053798930193927674
0 0.8935573444861117 0.21841997971405108 0.10972489745537004 0.14856595941492107
0 0.7207973303953251 0.5435990320669576 0.07687414976444415 0.07622730925276536
0 0.9041994844486112 0.015814545863379974 0.0697260311027776 0.03162909172675995
0 0.015449167223912855 0.8995539407472346 0.03089833444782571 0.09810230925276535