0 0.62578125 0.3703125 0.7484375 0.70625
0 0.30390625 0.73359375 0.15625 0.10625
0 0.78515625 0.88046875 0.2796875 0.2046875
0 0.60078125 0.73984375 0.1234375 0.08125
0 0.5625 0.7828125 0.1171875 0.059375
0 0.33203125 0.6171875 0.184375 0.125
0 0.4296875 0.75546875 0.1046875 0.078125
0 0.33515625 0.875 0.140625 0.0796875
0 0.08125 0.73515625 0.1625 0.0921875
0 0.1234375 0.584375 0.1484375 0.1390625
0 0.028125 0.57890625 0.05625 0.0796875
0 0.34140625 0.628125 0.2109375 0.121875
0 0.45390625 0.8640625 0.1078125 0.0765625