0 0.0828125 0.853125 0.15625 0.20625
0 0.3703125 0.79921875 0.1 0.11875
0 0.1578125 0.39765625 0.0703125 0.0578125
0 0.215625 0.36328125 0.0640625 0.0640625
0 0.0328125 0.42265625 0.065625 0.45
0 0.59296875 0.703125 0.1109375 0.1265625
0 0.76328125 0.57265625 0.1046875 0.1140625
0 0.45234375 0.253125 0.1140625 0.19375
0 0.4890625 0.084375 0.89375 0.0515625
0 0.68671875 0.61328125 0.0703125 0.121875
0 0.37109375 0.44140625 0.065625 0.05625
0 0.45078125 0.60390625 0.0671875 0.1078125
0 0.40546875 0.70546875 0.0859375 0.10625
0 0.24296875 0.6921875 0.04375 0.046875
0 0.8921875 0.34765625 0.0453125 0.0640625
0 0.896875 0.4671875 0.0453125 0.05625
0 0.7671875 0.37265625 0.05625 0.065625
0 0.7828125 0.20703125 0.071875 0.0765625
0 0.12890625 0.2578125 0.046875 0.0953125
0 0.78125 0.67265625 0.075 0.0921875
0 0.89453125 0.51484375 0.0640625 0.0609375
0 0.31015625 0.3828125 0.053125 0.0609375
0 0.38046875 0.39921875 0.0671875 0.065625
0 0.3296875 0.484375 0.0640625 0.0421875
0 0.8859375 0.6359375 0.10625 0.0546875
0 0.80546875 0.7546875 0.25 0.1296875