0 0.5687796810191241 0.7438077682758931 0.07413662252816078 0.05673338479802066
0 0.569003556145175 0.7070208221159591 0.0887454257464693 0.06495506175762475
0 0.5374364818916442 0.6434751476636373 0.07962179802252863 0.04597774122451135
0 0.5635898004451917 0.818026518275893 0.05062271287323483 0.032659387305303156
0 0.5614756433881557 0.8594555003292044 0.09197968639013113 0.06660848997087002
0 0.4261555024226631 0.8578666051063426 0.04470049480421991 0.03716503087881264
0 0.3966540366994368 0.9439033935070021 0.06341764381548423 0.05954013605166182
0 0.49350652940996975 0.7455317411580044 0.07446440445914604 0.06142088479802066
0 0.4516739445127774 0.6832530500126353 0.03143567029858776 0.02586381802583091
0 0.3461566459860458 0.8711956677218972 0.07355746832111638 0.07075042069139811
0 0.3343561324923924 0.9279995971887836 0.054294016091543364 0.040562815518548234
0 0.2981183477114156 0.9813362311953815 0.07984031930985207 0.037327537609236926
0 0.5478559037797159 0.9310804477427796 0.05215236188449897 0.054534387305303154
0 0.5083070847219654 0.9033131489172785 0.0383412341605581 0.035420674452321776
0 0.4821705556409718 0.8516680808914476 0.038013452229573017 0.030733174452321776
0 0.5732433058930733 0.7807311067556951 0.12544775025210164 0.07693823620994653
0 0.4263465265599781 0.7991591948397858 0.10444683540139543 0.08880173871722903