0 0.76171875 0.41953125 0.134375 0.1234375
0 0.95234375 0.328125 0.084375 0.128125
0 0.9625 0.190625 0.0421875 0.0890625
0 0.8 0.2640625 0.109375 0.0921875
0 0.72421875 0.27109375 0.0296875 0.0453125
0 0.64921875 0.23828125 0.0546875 0.084375
0 0.553125 0.38671875 0.1515625 0.1296875
0 0.2328125 0.40078125 0.465625 0.2765625
0 0.5640625 0.5953125 0.1203125 0.1
0 0.65234375 0.48125 0.0734375 0.0453125
0 0.896875 0.4375 0.10625 0.0453125
0 0.3828125 0.20078125 0.0421875 0.0515625
0 0.4484375 0.20390625 0.06875 0.078125
0 0.83359375 0.06875 0.0671875 0.0875
0 0.87734375 0.16171875 0.0453125 0.046875
0 0.9078125 0.21328125 0.0265625 0.0328125