0 0.2807614970731338 0.6901235801665319 0.17432156487037656 0.3075804824490227
0 0.3374206785195864 0.8622653531277855 0.10104831981405518 0.19629598997087
0 0.4088093594618359 0.886804700383076 0.07542560694082034 0.16436402837152997
0 0.4160598587055312 0.6658329708370473 0.08367514951546742 0.17084134890464336
0 0.37811819024852894 0.4031200221698308 0.11082751139996638 0.2246483105039836
0 0.33137532215984367 0.09872935352349685 0.16587564431968732 0.1974587070469937
0 0.4115323517450403 0.18686688486452765 0.0965029314464525 0.1758925617576248
0 0.46170695038798754 0.2550796757724699 0.07723947921687965 0.1457049565847753
0 0.43958021413374243 0.3864577079049235 0.05953852698730664 0.11556281551854841
0 0.5113345178562542 0.539372107746639 0.09451409654926017 0.23664820533113406
0 0.4880787902288585 0.09117761480626793 0.08553258045771699 0.18235522961253586
0 0.5334016339281271 0.2616048089211379 0.0670996547112475 0.1344946719450392
0 0.5300531227802623 0.11296272044133585 0.05074268119435103 0.1012729949854351
0 0.532451867080279 0.009663190353946274 0.030528734160558103 0.019326380707892547
0 0.5620507938351547 0.3578433114284204 0.05016352698730664 0.11529003087881229
0 0.46625587270338775 0.8686935463847256 0.04038433540139543 0.08693771034569905
0 0.48246039088861803 0.7421848706787626 0.033620883171822415 0.05711381802583091
0 0.10854192566959482 0.8133434344814516 0.11787518689433422 0.21393813103709683
0 0.5878816842964442 0.2122663869760987 0.05202095792955621 0.1418525308788124
0 0.6118326365260172 0.2413173894833812 0.04046074505632156 0.11032974623907635
0 0.589973698042199 0.34293972545590073 0.032167643815484225 0.05863085391920819
0 0.5512768208224614 0.47245138070789255 0.04463479282674854 0.08082410266556703
0 0.5983432089379623 0.4178487972426554 0.04140053218308672 0.07917067445232177
0 0.6142581500196705 0.29839410359000385 0.01545003737886681 0.04255121285298147
0 0.5663508917217973 0.20663015241550492 0.044601941838012846 0.10265363855894431
0 0.5828503408492771 0.10672944081616469 0.02969820767745457 0.06791492570596289
0 0.6288237585499747 0.14844792788404096 0.017231058666190256 0.04572167695960414
0 0.5580456268907616 0.5356644345479585 0.024355143815484225 0.05840353338609496
0 0.5456438158787827 0.5822128256141854 0.021120883171822414 0.05675010517284953
0 0.527735050039341 0.6171788590002801 0.024245883171822413 0.05684103338609496
0 0.5415847465689307 0.5353605576674967 0.02548060124083733 0.05219899749271768
0 0.4878698846844317 0.4836904090794225 0.047038526987306636 0.11519910266556703
0 0.48013415831754375 0.39545462318604513 0.036352399263365955 0.0961763180258309
0 0.5451528709386768 0.3512894345479586 0.024245883171822413 0.05684103338609479
0 0.5793471905006304 0.4708517767886843 0.02380884059717552 0.05059103338609496
0 0.5215885928660894 0.6972073397999503 0.02013753737886681 0.04268760517284953