0 0.09324871136062543 0.4157621981001206 0.08490986758448216 0.16791119629109835
0 0.19325978301626598 0.46569800033868425 0.06125384629715871 0.16355788896415202
0 0.16734286715715369 0.7466204517181653 0.07610331411407194 0.08649742198083885
0 0.022204237843728988 0.9242021398686632 0.044408475687457975 0.07523237336031982
0 0.47251705019309015 0.9014019634768102 0.1460658888718056 0.17422979534115868
0 0.3018110662846335 0.8532499892574078 0.07275979282674853 0.08320864767057934
0 0.4633594795458557 0.5614010832190856 0.15381268689433422 0.21822545680654776
0 0.4456577993599109 0.36601334011649045 0.10394409084927698 0.12843261646291487
0 0.11335838761129793 0.20667380314307476 0.06886996832111633 0.07210737336031983
0 0.014975153954942838 0.22783175090451113 0.029950307909885676 0.1050084045679843
0 0.6987338868549934 0.4584719142904644 0.11858574505632155 0.11518898801421251
0 0.6498115237099865 0.8777608248513424 0.05644637797604233 0.0948078889641522
0 0.7878035605846503 0.9656614580497432 0.16233574505632156 0.06867708390051348
0 0.014852690703555818 0.5134793238352897 0.029705381407111636 0.11076043758467105
0 0.00458432115143746 0.3995020330166868 0.00916864230287492 0.032887743102595034