0 0.4453125 0.64921875 0.3328125 0.3109375
0 0.81953125 0.70234375 0.3609375 0.453125
0 0.6640625 0.9203125 0.2203125 0.159375
0 0.084375 0.8546875 0.1609375 0.290625
0 0.08828125 0.54453125 0.1765625 0.2
0 0.3671875 0.31953125 0.075 0.0765625
0 0.4640625 0.39296875 0.08125 0.0609375
0 0.571875 0.40546875 0.0828125 0.0734375
0 0.48984375 0.32734375 0.0765625 0.05
0 0.4859375 0.278125 0.04375 0.015625
0 0.1484375 0.37265625 0.0984375 0.090625
0 0.034375 0.3671875 0.0578125 0.0578125
0 0.04375 0.2796875 0.0578125 0.06875
0 0.2625 0.353125 0.075 0.084375
0 0.5234375 0.18046875 0.1265625 0.0875
0 0.7625 0.35234375 0.1421875 0.1265625
0 0.6703125 0.25 0.2453125 0.1125
0 0.9234375 0.37109375 0.153125 0.2078125
0 0.86328125 0.18125 0.1484375 0.15625
0 0.68515625 0.11484375 0.1921875 0.0828125
0 0.17734375 0.234375 0.0890625 0.0328125
0 0.43984375 0.23984375 0.08125 0.1046875
0 0.56796875 0.11015625 0.0515625 0.0578125