0 0.8029632463055834 0.5017351354852274 0.3349733597251959 0.31571956334561796
0 0.4976536206787626 0.4713311898676758 0.1229159774344577 0.2064409318225902
0 0.40807298047046564 0.643349968955411 0.06040395407749273 0.09378169303247788
0 0.3591724792168245 0.628394777589923 0.04436977711788863 0.0784437354561323
0 0.3938359503830761 0.37906432834852744 0.07467705423577745 0.1557395590935541
0 0.3539574449727998 0.4846607530441158 0.05676212852981451 0.12933655575957417
0 0.32375077091618953 0.36551226925497327 0.042381379783455755 0.1172511439408634
0 0.31567854348173174 0.5621959506185215 0.04525031551854841 0.05513378121376693
0 0.26742055139929055 0.4713319634953991 0.05204588479802066 0.07439396424430508
0 0.23406013361088643 0.406743433948622 0.04101745658477531 0.0703761439408634
0 0.24105061652212761 0.570200027130881 0.07235838479802066 0.0760520590935542
0 0.32064953681781416 0.6604899294066942 0.057688131037097 0.10758910151720862
0 0.737457637438317 0.9409984891042222 0.11462009263643722 0.11800302179155545
0 0.5014101403413109 0.7997590788075694 0.09878449247815269 0.07353283697334109
0 0.09969114528936893 0.3417407030344175 0.04056281551854848 0.0547511439408634
0 0.17939536566419778 0.4014980824314133 0.03922763605166191 0.06243609818322895
0 0.18110496668041215 0.5042244697043169 0.023284387305303154 0.05022314060688356
0 0.21434937569332763 0.49205918061464216 0.023329851411925874 0.05178564060688355
0 0.16282397961253586 0.4596613977338853 0.035466138558944316 0.04030600666795969
0 0.23295828635559573 0.336957092433353 0.039091243731793845 0.05774859818322886
0 0.37287361487277493 0.7227027580450857 0.05025606426490725 0.06645391848667045