0 0.7359375 0.61328125 0.38125 0.2296875
0 0.7234375 0.4875 0.190625 0.096875
0 0.75234375 0.20078125 0.3671875 0.2703125
0 0.48984375 0.3421875 0.25 0.178125
0 0.36484375 0.6828125 0.1765625 0.1171875
0 0.09765625 0.62109375 0.1953125 0.1421875
0 0.16640625 0.79296875 0.09375 0.046875
0 0.14375 0.75234375 0.1 0.0328125
0 0.128125 0.71953125 0.0765625 0.0390625
0 0.52421875 0.82734375 0.115625 0.065625
0 0.55546875 0.74296875 0.1671875 0.0875
0 0.27890625 0.49921875 0.1328125 0.1015625
0 0.315625 0.83046875 0.0734375 0.046875
0 0.34140625 0.7796875 0.059375 0.0328125
0 0.33828125 0.74765625 0.053125 0.0265625
0 0.190625 0.86484375 0.1 0.0625
0 0.10078125 0.45859375 0.146875 0.109375