0 0.8203125 0.5370493379224108 0.359375 0.35637994804219914
0 0.51953125 0.4683604140175269 0.1421875 0.22088021857321785
0 0.41171875 0.6256651796048672 0.06875 0.1001199683211162
0 0.3640625 0.6051452299731842 0.0515625 0.08329310124083733
0 0.4265625 0.36420315571965367 0.0921875 0.1642588779760424
0 0.375 0.4629413044788164 0.0703125 0.13616672896477802
0 0.3578125 0.34142693739853736 0.0546875 0.12413662252816078
0 0.328125 0.5346634851689643 0.05 0.06130884059717552
0 0.28984375 0.43901784939925187 0.059375 0.08227690445914586
0 0.26328125 0.3707541684570024 0.046875 0.07515281930985207
0 0.25234375 0.5324893439513703 0.0796875 0.08369729282674854
0 0.321875 0.6318826925943174 0.06875 0.11418246832111638
0 0.70703125 0.9474803774334021 0.128125 0.10503924513319589
0 0.4875 0.7919018208224614 0.1046875 0.08544546312533612
0 0.13671875 0.28924780632040187 0.04375 0.06087179802252862
0 0.209375 0.3583909262506725 0.0453125 0.06723105866619025
0 0.2 0.4600791123887021 0.028125 0.051966691585911204
0 0.234375 0.4523265965492603 0.028125 0.05509169158591121
0 0.18671875 0.4138378969175774 0.0390625 0.04491901609154336
0 0.2703125 0.30171459135348017 0.0453125 0.06410605866619026
0 0.3671875 0.6998950012605076 0.05625 0.07268338317182241