0 0.2078125 0.66015625 0.3046875 0.1671875
0 0.08359375 0.5453125 0.1671875 0.096875
0 0.078125 0.471875 0.15625 0.071875
0 0.284375 0.54453125 0.16875 0.0796875
0 0.51484375 0.6734375 0.221875 0.1046875
0 0.8078125 0.83671875 0.2578125 0.1625
0 0.73046875 0.7203125 0.1734375 0.0921875
0 0.68671875 0.64921875 0.1453125 0.0734375
0 0.5546875 0.6234375 0.1140625 0.05625
0 0.440625 0.50234375 0.234375 0.0890625
0 0.8625 0.6890625 0.20625 0.08125
0 0.70859375 0.58203125 0.1328125 0.0640625
0 0.8453125 0.6375 0.1 0.0484375
0 0.95234375 0.67578125 0.0390625 0.0296875
0 0.6296875 0.52109375 0.1140625 0.0484375
0 0.11484375 0.42578125 0.0859375 0.0390625
0 0.23984375 0.45625 0.05625 0.0328125
0 0.0578125 0.8109375 0.115625 0.196875
0 0.77578125 0.54921875 0.140625 0.0484375
0 0.75859375 0.5171875 0.109375 0.0390625
0 0.65546875 0.50078125 0.059375 0.0296875
0 0.51875 0.4890625 0.0796875 0.0421875
0 0.58828125 0.46640625 0.078125 0.0390625
0 0.70625 0.49453125 0.0421875 0.0140625
0 0.77265625 0.57109375 0.1015625 0.0421875
0 0.87265625 0.5921875 0.0671875 0.0296875
0 0.85234375 0.534375 0.0453125 0.0171875
0 0.4625 0.4609375 0.0578125 0.0234375
0 0.4140625 0.45546875 0.05625 0.0203125
0 0.37421875 0.459375 0.0546875 0.021875
0 0.45625 0.47578125 0.0515625 0.025
0 0.4828125 0.54375 0.1140625 0.04375
0 0.5625 0.58203125 0.0953125 0.0359375
0 0.6296875 0.5390625 0.05625 0.0234375
0 0.53125 0.4640625 0.05 0.021875
0 0.296875 0.43671875 0.0421875 0.01875