0 0.40760463972392336 0.4044367151002593 0.12344141926229177 0.20363528896022592
0 0.30442639475791633 0.341420292209932 0.09934930262104177 0.1751011858759707
0 0.8320610854873607 0.31971547281419227 0.3323138050895835 0.5212160754848196
0 0.5622713430868052 0.5368383376662749 0.12060605357097245 0.14892051542127546
0 0.6255740429343053 0.36705194318616197 0.09084581838861112 0.14527731818121908
0 0.5412724313270484 0.33181960105895547 0.05545252583555573 0.10092730032431155
0 0.4676206450422568 0.1409957780064725 0.13993924145062522 0.24140802434972924
0 0.5963281797115277 0.08017923458201978 0.09760365824437507 0.10010118587597075
0 0.3252908346343395 0.9212890243530246 0.1720958183886112 0.146695542206637
0 0.2689168141171174 0.7598390556026127 0.09509690729444457 0.12660913879807012
0 0.3792542488626382 0.7836838843371384 0.05516158510611113 0.08842730032431145
0 0.44015538127145765 0.7841827163180752 0.06359233415618064 0.11512616801906325
0 0.5138279641933673 0.8399048364484589 0.08702983415618064 0.11553527110331849
0 0.45090908368440896 0.8925446412369974 0.03553876291777787 0.050600017856907445
0 0.18209353381624954 0.5309794444006827 0.05705139342673622 0.10251707386326192
0 0.022113622531458047 0.7204664586041422 0.044227245062916094 0.07428297970746059
0 0.0821149836637497 0.36404313474088024 0.03183188145888891 0.025545470779006863
0 0.15713447388010393 0.2947925284102143 0.0478205573706945 0.0414432061685102
0 0.15239503533486096 0.162897646104966 0.04527743882958335 0.06638865909060954
0 0.21978451671749993 0.0523907942385269 0.08517639342673622 0.103007997564368
0 0.15722669927881924 0.22372605194916462 0.046403527735416714 0.04766593262955983
0 0.06315004416857621 0.20584485105566022 0.03215918977951393 0.039607970779006775
0 0.021124891908124777 0.26671021306836906 0.022820557370694484 0.04100682954530477
0 0.11480215672576366 0.2681988007313486 0.04142508700597225 0.03508411201270878
0 0.11772648176388864 0.3103181168839728 0.025581881458888935 0.025436376623205435
0 0.03069860723885389 0.32511304829571663 0.03830008700597225 0.0350295649348082
0 0.11050043569545134 0.05039369196505069 0.028852351823611143 0.03174092370110613
0 0.09570927745107627 0.1490493802766534 0.03506598423243057 0.03028751785690744
0 0.034426938545242945 0.13137668506519184 0.031977351823611146 0.031795470779006775
0 0.12265875674642295 0.8030004947249942 0.18976001633625034 0.3687887305182393
0 0.8040360433155549 0.785640481742646 0.15708906743868062 0.17298530681713337
0 0.6514753941892355 0.7305144253292545 0.08535823138263901 0.11082049756436803
0 0.5829449061570828 0.6551792345820198 0.0583229526972918 0.0900443474022122
0 0.37769370849378414 0.6829708181845143 0.08165134992375007 0.08576595048646744
0 0.4660490000969092 0.6111446367727705 0.031324041603125075 0.07083069724005639
0 0.4908294881290619 0.6872434866106147 0.04829333605604162 0.061755706168510116
0 0.42317182228524264 0.5744082958633799 0.056251306420763925 0.06814207386326192
0 0.16125696979604134 0.3860896842544129 0.034776349923750074 0.08494774431795715
0 0.2414360854873608 0.3300248705374208 0.0437876740119445 0.06948638555165916
0 0.21627047169590244 0.4382328368522007 0.04237064437666671 0.07570911201270877
0 0.27350696913045125 0.16000269683631466 0.09695165444465292 0.2062966387980701
0 0.20166768351124986 0.19327489285855512 0.017842116641249996 0.028425008928453722