0 0.7327130464262281 0.12758865824104645 0.04925985376405233 0.09977875693983033
0 0.6882176526245573 0.41641012878368217 0.14207870653952134 0.19767364126984166
0 0.617929079963694 0.7645460425710577 0.10343270060802237 0.16714553207825772
0 0.5764777034994097 0.5770751233850113 0.09906353558899425 0.17465764342931003
0 0.42227568175057995 0.6898125601513463 0.10923171444818677 0.23297079117755662
0 0.3306744080617648 0.4136086104282014 0.16149455140632513 0.2534625663159842
0 0.18852276426009393 0.7086881778239197 0.279098545474826 0.2329474120893325
0 0.4912989598880193 0.9464247031192308 0.08596667490485962 0.044469495681063266
0 0.5814928783670885 0.9320735040143948 0.05697951186299797 0.05975453423772592
0 0.6247374954770135 0.7695642095976358 0.11255303262324468 0.16149630937615383
0 0.643141210456673 0.14579604257105777 0.14000155338349138 0.26143575262089364
0 0.30061812943003374 0.15683697871908375 0.08331651878308036 0.09416910703211538