0 0.21234572477740418 0.38818471314138014 0.2653621920901143 0.19122098704318996
0 0.35500883615770007 0.28487234114987 0.16030335149293878 0.1347125663159842
0 0.32795502723940817 0.1673238957456618 0.12275979282674854 0.08719721622369905
0 0.4526482966851463 0.40182120681985867 0.20325567599857094 0.14835356415651582
0 0.3249764007759751 0.5175136628645249 0.2861117346647613 0.1987726711886312
0 0.7204088690970915 0.5612312754521946 0.20387838887180543 0.17950343460686646
0 0.8863013028893325 0.6329992466131392 0.12661676634364483 0.12010984577334831
0 0.6374656930985205 0.4299998642857127 0.11058757475773362 0.09108367982650449
0 0.6181804615358524 0.37865740978220597 0.08238616510280768 0.06594397748246603
0 0.5883019373985373 0.32171579735141975 0.08216764381548422 0.06281897748246604
0 0.49689033355980994 0.29382943168143105 0.0985574683211162 0.07475777297895929
0 0.7344503177203682 0.3131349344592082 0.07068384059717552 0.05430557063492083
0 0.8250863893760088 0.2625959114802489 0.063778276735205 0.044530052436323506
0 0.8853244028696622 0.3160224976928734 0.10258940445914604 0.06568316162790726
0 0.9946180033541946 0.382481207595051 0.010763993291610773 0.08375323874123301
0 0.9681645820087634 0.49400899291251144 0.06367083598247306 0.0763202729789592
0 0.8705020682245713 0.4519495057124379 0.10891581411407217 0.08942105027685514
0 0.7906728205703597 0.365249344545956 0.07558986188449915 0.0577309592838688
0 0.5635629254174932 0.7086138224898473 0.14645937278026225 0.13693640036914018
0 0.7179494126801446 0.8627332186969344 0.45395479852673154 0.21886153300110855
0 0.5359139007759751 0.5039961736618666 0.11458665990702759 0.1037839389258032
0 0.25990451374575485 0.11439795728128396 0.06377827673520509 0.044530052436323506
0 0.551616402365459 0.18987431447028286 0.05854447351689629 0.03641716378737554