0 0.61796875 0.22890625 0.1265625 0.1375
0 0.4953125 0.1015625 0.1203125 0.0953125
0 0.60234375 0.40859375 0.075 0.071875
0 0.72421875 0.3625 0.0703125 0.0515625
0 0.98125 0.22421875 0.0375 0.1296875
0 0.771875 0.1125 0.096875 0.0984375
0 0.44375 0.31640625 0.178125 0.1078125
0 0.41171875 0.4140625 0.059375 0.0625
0 0.31015625 0.34765625 0.0765625 0.0625
0 0.3765625 0.48828125 0.0421875 0.034375
0 0.31015625 0.2828125 0.090625 0.0828125
0 0.625 0.5125 0.0625 0.059375
0 0.3265625 0.4671875 0.0421875 0.0546875