0 0.4646287313017998 0.2809869351267705 0.18657307878390342 0.17598453780340292
0 0.7777881549369708 0.32533046827742995 0.15911593671876342 0.133215156344514
0 0.4669526966068226 0.7909983679724302 0.25586911035393456 0.1869597118153475
0 0.33656870464050476 0.6477412900845136 0.15526289462538873 0.12064242116215293
0 0.1526634124765428 0.7138241510261805 0.1942329313159173 0.2807084053945834
0 0.052029291740438945 0.38290276576756943 0.06529034200867019 0.10294446846486113
0 0.09066061028334732 0.253704921827743 0.06439569994353025 0.060793336056041716
0 0.19779129984470822 0.1588989552627429 0.12463452090551304 0.1573787017473612
0 0.5235549522214302 0.41964873841340233 0.13131018415851478 0.05766964247680573
0 0.49261503633759274 0.5197221268061455 0.11389444198043534 0.13372299620027786
0 0.5408088836079348 0.6218652018442704 0.06741428413027997 0.08582970364722228
0 0.6407787915286774 0.5921575584175341 0.11591196828879458 0.14157186379145834
0 0.7776641415004425 0.618699261780416 0.13576944198043533 0.13423214247680554
0 0.632517512448308 0.7323831681249301 0.09599431043863901 0.09429682028847228
0 0.8468937416839692 0.4238575808346174 0.09472023677523325 0.07242182028847229
0 0.9602149761107152 0.46153680594899227 0.07957004777856973 0.10712412860909737
0 0.9406088604245216 0.243877180474027 0.11878227915095678 0.10617987765916678
0 0.8332128603539346 0.16210246324343683 0.1606784367187636 0.13325152393569456
0 0.6741850128012438 0.35981653068211755 0.05338260523343692 0.032450130508958355
0 0.7060503918533784 0.24876927469819385 0.05788809471009326 0.02943423328249999
0 0.29234420762427654 0.27795612015663174 0.14148882096198284 0.09847648043270843
0 0.32383088410204497 0.10667987899034696 0.1039734104104042 0.12412979065319449