0 0.5289682177474628 0.5564873523183586 0.2695469675782851 0.07794722235685221
0 0.6575547007876994 0.8249110415576745 0.16693189273291545 0.1563030326232447
0 0.7968089062380128 0.7184594061961416 0.27117311151914836 0.11694605536065765
0 0.8425202768410169 0.6393422505686537 0.20315669303247788 0.06589820851668762
0 0.6988180742656415 0.6436093034206725 0.09773586939505616 0.033571186767857954
0 0.503633120023276 0.6372134288963736 0.18207891848667063 0.055695537566160525
0 0.7979240935206148 0.9638489009688989 0.16584788273097573 0.0723021980622022
0 0.18354376063015948 0.6459730276803288 0.20031847758022464 0.1265173735357159
0 0.3239778288075693 0.5348975593149905 0.1669321506088231 0.07999520060802237
0 0.4106173462263748 0.3943773300752371 0.08325878121376692 0.04699701680591391
0 0.5747275147130454 0.44934069718516223 0.08702151000193972 0.05493685079830275
0 0.6855535733475575 0.4048014714054501 0.074138872729036 0.04974001482874755
0 0.7920902289573506 0.5080312421656967 0.11144742515463033 0.08707818874502422
0 0.7034110109200236 0.31832014334456027 0.12305460485118865 0.07665002471457934
0 0.2950881989515316 0.3336069733454353 0.08638378121376693 0.04712435079830275
0 0.12898458001551732 0.41638368676785786 0.11211710485118864 0.0762043557412186
0 0.16270613364905964 0.34300719517081485 0.09132637272903606 0.050440351786885884
0 0.08654173062434048 0.4878475098858317 0.09336710485118863 0.07544035178688588