0 0.27734375 0.511856235750042 0.115625 0.05964778763096845
0 0.23125 0.7111731747380633 0.09375 0.06905563861970414
0 0.3140625 0.6350698606239913 0.0640625 0.05916718639013112
0 0.3578125 0.7023230626014627 0.1 0.06324268119435103
0 0.5359375 0.8531485992240249 0.16875 0.13523764951546724
0 0.33671875 0.9202043312908961 0.1203125 0.10841306956195354
0 0.24140625 0.8214004805542618 0.0578125 0.06029264381548423
0 0.3140625 0.7796011106239913 0.065625 0.056151447033792934
0 0.103125 0.5631012975183255 0.1109375 0.05775750569998319
0 0.1921875 0.42640469082960664 0.1 0.05855518119435103
0 0.03046875 0.48615066744859614 0.0484375 0.033074579953513705
0 0.08125 0.4966621965295898 0.0296875 0.02551345222957302
0 0.07734375 0.43052909813874407 0.0421875 0.02170003737886681
0 0.0328125 0.3812992764831036 0.0484375 0.0346370799535138
0 0.19609375 0.3128502892204522 0.0484375 0.03776207995351379
0 0.48515625 0.2996683201430313 0.0859375 0.035696835401395434
0 0.52265625 0.3415773146951496 0.0671875 0.03751070767745457
0 0.55 0.4724777534310693 0.10625 0.062117223768997934
0 0.71328125 0.47121626616841794 0.040625 0.03409077673520518
0 0.75859375 0.4664852075022276 0.0328125 0.03510697351689629
0 0.946875 0.5173817999409887 0.0984375 0.07094592055068923
0 0.7171875 0.5295368645592636 0.0578125 0.041542643815484226
0 0.30546875 0.4122332941641308 0.0703125 0.05335422896477802
0 0.15390625 0.2743940765993191 0.040625 0.027840776735205085
0 0.221875 0.25401623860003364 0.0421875 0.02795003737886681
0 0.1359375 0.34986932400142906 0.040625 0.04971577673520509
0 0.8640625 0.4567663640550606 0.0953125 0.08635239926336595
0 0.828125 0.7342793588592804 0.103125 0.07127370248167449