0 0.7025545163859844 0.8407829426249946 0.049259853764052154 0.09872134288963749
0 0.7181835390862165 0.5521687701915929 0.14207870653952134 0.19453786167271758
0 0.7203602154367699 0.20228151673155187 0.10343270060802219 0.16488485376405224
0 0.6400545860067361 0.3824093685184378 0.09906353558899425 0.17250635277546902
0 0.5096747248283101 0.25547147821398913 0.10923171444818677 0.2306371877564411
0 0.3607092787060931 0.5174342618258171 0.16149455140632513 0.24992569863085592
0 0.279416880455798 0.21242310965837027 0.2791622124710204 0.22820189034162972
0 0.6325233399238879 0.0157331462173572 0.08634867688202608 0.0314662924347144
0 0.7194158448668038 0.031648635590088084 0.057679848821136304 0.06329727118017617
0 0.7287947979462839 0.1980250982524827 0.11255303262324468 0.1590168557412186
0 0.6161249264620967 0.8130027939175892 0.14000155338349138 0.2584093606841343
0 0.2761737471086126 0.7665986150955778 0.08331651878308026 0.09230951680591382