0 0.04667953115540726 0.5720890157157656 0.09335906231081452 0.1683219685684687
0 0.12267392736249438 0.3829665496284965 0.08419332973421945 0.07402400496239876
0 0.1840398288113688 0.2640495756833444 0.06029475478036197 0.09004711124870504
0 0.3578139836563292 0.5667442744022181 0.10580751387966059 0.0952825748547749
0 0.4122850308508655 0.7620524662966661 0.1298643800110746 0.17896837014004507
0 0.47161327267441744 0.4196808757261256 0.10388406847545255 0.11388702564056316
0 0.6564832186969345 0.6221572506236818 0.08759773442229637 0.12714900496239884
0 0.2977878554909559 0.057011863525016596 0.054626943244739753 0.02591183664159915
0 0.3862996429678846 0.06145746091998272 0.04202681369509058 0.02376713978475229
0 0.41843222008121045 0.119158644956548 0.04565246144333699 0.031725188998963996
0 0.372989312153931 0.11114924586617078 0.05216327729789594 0.01177656203449331
0 0.35519174043927604 0.15793435463367644 0.032491127390180986 0.045132717535011316
0 0.18785284855112558 0.10730942411176783 0.034014054595791876 0.020278266749222996
0 0.22944886566998868 0.07810992163056847 0.021514054595791875 0.019696069892376135
0 0.2477087099021776 0.10919510173819232 0.023076554595791877 0.019768844499481998
0 0.28778299737910634 0.11589671195344002 0.03890181369509049 0.023621590570540585
0 0.6405353624307862 0.008991740489487306 0.046453497840531634 0.017983480978974613
0 0.6998602976559616 0.006773191999146622 0.04146560919158375 0.013546383998293244
0 0.7776663201734955 0.06815464723285959 0.08323160703211521 0.08332623035529288
0 0.6778863656699887 0.05722360939118738 0.03421431369509058 0.023403266749222995
0 0.9392129804171268 0.47657280707660377 0.062497604872647015 0.12442211124870503