0 0.16265174263373647 0.4076347171171003 0.32530348526747294 0.386256704329481
0 0.38577529343102396 0.8313211602300956 0.21670675273047452 0.1871919695529872
0 0.45739278083979623 0.4723228892510526 0.11829652380771342 0.19130677693097126
0 0.6509433138208918 0.3712002299047198 0.12045898750696811 0.294440867290051
0 0.5513387444408551 0.30381326288581534 0.08043290944452863 0.12858860831306052
0 0.532452909935508 0.19298939237431054 0.07224770472226431 0.06448065651766247
0 0.4139574399897373 0.1499302596643615 0.07237496974937904 0.08635565651766242
0 0.3392841720357564 0.22848705172064335 0.10059996369925477 0.10370678298109555
0 0.23800801834676433 0.17985917506081847 0.05190793364502548 0.059674981849627384
0 0.5633377329297818 0.6584189496540989 0.059938602262936416 0.09722043364502539
0 0.36369225693388696 0.5986450156162898 0.07219316256778666 0.05510565651766246
0 0.6573695340612501 0.6094360281093217 0.08540221057599666 0.17705337939029936
0 0.7195200761175318 0.5348582089256768 0.08857266237139498 0.18488406010845856