0 0.28507934699187987 0.7148913927036802 0.07886138555165925 0.04309656667727211
0 0.4945401217486462 0.6774930320655425 0.17633640340856668 0.07859880935708982
0 0.5681491712621789 0.5986782360757238 0.09782957386326192 0.05581474267981754
0 0.6954383741842781 0.5970350147596776 0.13401253571381488 0.07029541335136287
0 0.8246134054338663 0.658682134110404 0.17916139448011278 0.061447672024180736
0 0.724691271910802 0.7067281880967228 0.15144549756436804 0.08455790802036275
0 0.8846838806771 0.6992167747851309 0.11342730032431163 0.05443405601527207
0 0.9779706359554009 0.7449025394652666 0.04405872808919824 0.07096702800763595
0 0.9157917844927036 0.6019423327895852 0.08522047970746058 0.04941929201145392
0 0.09312762621287304 0.6814141793443632 0.0791341209411626 0.05872156667727211
0 0.3539696688265469 0.6789817120464524 0.058412517856907445 0.03504770934118149
0 0.29933671590444755 0.6814703653723619 0.053643197240056485 0.03030566534054522
0 0.3342105478853843 0.620951036043907 0.06937729139585783 0.036737478675999566
0 0.42032928002847686 0.5875851000556793 0.07411933847375848 0.03991702267663584
0 0.9012269038123085 0.8791588134547672 0.197546192375383 0.20557948002863496