0 0.5332018472827768 0.28600551340704206 0.08857640507947587 0.121294292011454
0 0.36665424274360586 0.17621124805058858 0.09115576805616729 0.10570565467854491
0 0.4021701020921002 0.2782282813892247 0.07293155771188112 0.07581816000954503
0 0.3210738695152954 0.2952606927116343 0.08819445916315996 0.11035679201145401
0 0.10453615554281206 0.4084130313494538 0.17389883538669526 0.19413290268936265
0 0.12658231425048502 0.20233575401813556 0.13298116950744618 0.14055336935072643
0 0.25898807568323046 0.14838514536918018 0.07276786660488846 0.07113066000954502
0 0.2670882631620259 0.22976241470399827 0.06986112141421189 0.07734429734245411
0 0.5589260774973289 0.10888903007636012 0.08528771397248339 0.1165704293443631
0 0.6490376676085295 0.23655150075585954 0.08339783175849824 0.10717724801081766
0 0.6619890793114275 0.06710206675681404 0.04404266587924912 0.053615896005727005
0 0.6307737956461634 0.1105066214194506 0.032450401451278664 0.03473862667090888
0 0.6934002812181932 0.1299929654280411 0.031215283665263983 0.044095445337363426
0 0.7591443323066523 0.10496624077017705 0.04565972958157989 0.055196577339272454
0 0.7531150431990928 0.2776224907701771 0.04878472958158007 0.055232940006363404
0 0.6436482408446893 0.5475526354232686 0.05774306733052796 0.08813634667409058
0 0.5882241308632228 0.568010038749178 0.0540724303072194 0.07247498400699967
0 0.45444933158886214 0.5492589440642698 0.08674108656782167 0.11346361067790856
0 0.3866839343139346 0.699312940722452 0.042261911069925696 0.047347714672181594
0 0.3710936506486706 0.742899308720543 0.04204365626060227 0.041097714672181596
0 0.24373499856441957 0.8985124147039982 0.09449902286549072 0.11199201734563573
0 0.33097957133724315 0.6830334127148159 0.05541667549789597 0.06624316534054522
0 0.6139954902965352 0.3447816240849506 0.06997024881887377 0.0804692973424542
0 0.807140344287552 0.2524594061107222 0.037465283665263985 0.044168170671545236
0 0.7977082913849942 0.3211275901097677 0.03751984736759475 0.04573067067154515
0 0.7445237823993196 0.21030772143535895 0.05648810217691817 0.05219884667409058
0 0.33635157369949586 0.842535682049634 0.10705358656782167 0.11369996801399936
0 0.09144335618363346 0.7161982593491356 0.09617065027015248 0.11513519867918127