0 0.259375 0.57734375 0.2515625 0.1703125
0 0.07890625 0.403125 0.1 0.078125
0 0.1859375 0.44921875 0.0796875 0.0625
0 0.28671875 0.8328125 0.1671875 0.1796875
0 0.46484375 0.70625 0.2140625 0.1859375
0 0.25625 0.35078125 0.040625 0.0578125
0 0.36875 0.42578125 0.146875 0.10625
0 0.384375 0.3203125 0.040625 0.040625
0 0.42265625 0.246875 0.0453125 0.0359375
0 0.2078125 0.296875 0.0390625 0.034375
0 0.18828125 0.3578125 0.0484375 0.034375
0 0.21328125 0.23359375 0.03125 0.0390625
0 0.353125 0.225 0.0515625 0.0328125
0 0.29296875 0.278125 0.0640625 0.0578125
0 0.15859375 0.25390625 0.046875 0.0453125
0 0.13046875 0.30703125 0.065625 0.046875
0 0.70859375 0.4640625 0.0953125 0.0625
0 0.68671875 0.39765625 0.0421875 0.03125
0 0.50546875 0.32421875 0.1203125 0.0921875
0 0.3265625 0.359375 0.0609375 0.04375
0 0.26328125 0.23828125 0.021875 0.0234375
0 0.78515625 0.40546875 0.1 0.0625
0 0.9515625 0.61484375 0.0765625 0.09375
0 0.771875 0.575 0.1109375 0.0734375
0 0.8046875 0.51640625 0.05625 0.05
0 0.64453125 0.28359375 0.0484375 0.034375
0 0.7125 0.321875 0.0359375 0.0453125
0 0.76796875 0.3296875 0.05 0.05625
0 0.603125 0.36015625 0.0640625 0.0515625
0 0.6828125 0.39375 0.040625 0.025
0 0.68671875 0.42578125 0.0265625 0.0234375
0 0.6546875 0.971875 0.15 0.05625
0 0.28515625 0.46875 0.059375 0.040625
0 0.528125 0.21796875 0.0609375 0.0390625
0 0.5921875 0.2359375 0.04375 0.034375
0 0.54375 0.2578125 0.0421875 0.034375
0 0.3859375 0.1546875 0.05 0.0328125
0 0.41484375 0.5625 0.0609375 0.06875
0 0.4953125 0.48359375 0.0875 0.0765625
0 0.44375 0.1875 0.0484375 0.0484375
0 0.43125 0.94375 0.125 0.1015625
0 0.31015625 0.95546875 0.0875 0.0390625