0 0.471875 0.1015625 0.2625 0.203125
0 0.75625 0.16796875 0.16875 0.175
0 0.55859375 0.27734375 0.2484375 0.1140625
0 0.4328125 0.3953125 0.1421875 0.1171875
0 0.6265625 0.48828125 0.1171875 0.0890625
0 0.6828125 0.59765625 0.11875 0.0796875
0 0.25546875 0.50703125 0.121875 0.0796875
0 0.390625 0.5921875 0.0953125 0.084375
0 0.30859375 0.73203125 0.0984375 0.0859375
0 0.5171875 0.64921875 0.1234375 0.1234375
0 0.79140625 0.57109375 0.103125 0.103125
0 0.95234375 0.5203125 0.0953125 0.096875
0 0.89375 0.609375 0.090625 0.0765625
0 0.94375 0.36640625 0.1 0.1328125
0 0.17109375 0.32578125 0.0921875 0.1203125
0 0.196875 0.4359375 0.1078125 0.0671875
0 0.465625 0.7390625 0.1171875 0.0640625
0 0.59921875 0.7421875 0.0484375 0.05625