0 0.515625 0.6078125 0.15625 0.06875
0 0.48828125 0.953125 0.140625 0.09375
0 0.38203125 0.71640625 0.171875 0.078125
0 0.56171875 0.7453125 0.121875 0.0953125
0 0.74609375 0.815625 0.1765625 0.1296875
0 0.81328125 0.61171875 0.146875 0.0953125
0 0.653125 0.540625 0.10625 0.0515625
0 0.11796875 0.82421875 0.1265625 0.1015625
0 0.20390625 0.94296875 0.0921875 0.0640625
0 0.34375 0.95625 0.115625 0.0875
0 0.315625 0.784375 0.2109375 0.0859375
0 0.3609375 0.60078125 0.1140625 0.059375
0 0.55546875 0.5046875 0.0515625 0.05
0 0.62734375 0.5 0.0546875 0.028125
0 0.77578125 0.5234375 0.09375 0.0625
0 0.8625 0.5234375 0.0609375 0.0375
0 0.7328125 0.68125 0.1125 0.059375
0 0.64765625 0.59765625 0.1046875 0.053125