0 0.25841538459615515 0.3906881184990798 0.14082096302712274 0.14446040818602893
0 0.31517840799132985 0.084734689620836 0.16425846302712266 0.1456887155129752
0 0.4221039712019792 0.13443039518418848 0.07246580517696728 0.09414614767057934
0 0.4610097635777026 0.41589840117708227 0.05973756299888784 0.16980788896415203
0 0.48014065322376814 0.5955925452296171 0.04320251038216938 0.15336401741285463
0 0.4359972691217232 0.7116203369527311 0.04091196828879458 0.1407821302577247
0 0.3182090715972673 0.5542316400958058 0.07373987884037314 0.11602114767057933
0 0.4081361215831499 0.53472032225341 0.0352234104104042 0.12334896879233562
0 0.36941379777856964 0.4105734933297377 0.05407982622365459 0.09941350180902227
0 0.12910179799033117 0.6451443244011166 0.12006884727034203 0.10910276232447184
0 0.5122291712866838 0.21849777872127363 0.055127115756780753 0.03715916327441153
0 0.5430094634506457 0.27841501130841906 0.027699336746998426 0.10114642017181649
0 0.5798416055157857 0.23442599389556454 0.03431335779368574 0.10772396879233552
0 0.5946937898154747 0.32711146087887777 0.04915013154179615 0.041519114653892505
0 0.6211351924745455 0.3545437420865422 0.04875528939195171 0.088230340343633
0 0.5834238188958443 0.46711898518913725 0.0431731473268119 0.04587906603337348
0 0.6276526900554711 0.5769576526474204 0.0322356473268119 0.04530585594746519
0 0.6345999110456887 0.5111688783371608 0.03803062101845249 0.03782090456798422
0 0.6443991162508909 0.44990382971664183 0.04059417889684287 0.05509029172311397