0 0.1791121581595188 0.40091602895033207 0.33686017077339053 0.39943934367091244
0 0.4197347351935116 0.8154000982235357 0.22211808057737184 0.1959803957806084
0 0.4767436155085802 0.45356787820732497 0.12384427168436432 0.1960830955329392
0 0.6662202885594054 0.3445802142297516 0.12900797603820086 0.2992808701400452
0 0.5638467675080132 0.28126903908452644 0.08416172359113024 0.13183650496239868
0 0.5404414946425223 0.1712412216733497 0.07411211179556502 0.06741013192686944
0 0.42016371097725846 0.13302209181339486 0.07487600362819702 0.08928513192686945
0 0.3486731460938012 0.21460388565092306 0.10360120435383653 0.1077825748547749
0 0.24539188947037927 0.1701154851128038 0.05363592068857255 0.06177656203449331
0 0.5902952279371174 0.6353015676205738 0.06275794954451293 0.09964043507002263
0 0.38816724354621407 0.5836792173301235 0.07378472958157997 0.058035131926869356
0 0.6823537531648609 0.5824975911942223 0.0905406983633867 0.18049232878371627
0 0.7414807273041453 0.505404244213541 0.09393851687504089 0.188450377997928