0 0.2726031818189199 0.3140625 0.3225920522385636 0.103125
0 0.47534640151576657 0.26171875 0.16823210085908258 0.109375
0 0.5975246166900575 0.33046875 0.13953389077317446 0.0984375
0 0.5106244029861047 0.43828125 0.09061171189493056 0.059375
0 0.5774500548405554 0.475 0.07531426051544958 0.065625
0 0.6238027544110141 0.5296875 0.09990482473980081 0.0578125
0 0.4751638585494571 0.5484375 0.08419793758467105 0.05625
0 0.4048137369981596 0.5640625 0.058051517412854636 0.034375
0 0.28170046359241124 0.54296875 0.06290279172311405 0.0375
0 0.21452292967121328 0.5875 0.059941566033373486 0.040625
0 0.29047567729636414 0.43515625 0.06035100180902227 0.0484375
0 0.05777604195025665 0.38828125 0.11198874491161734 0.0796875
0 0.24049112392614674 0.13671875 0.18170810266810494 0.1578125
0 0.8251427628902988 0.08671875 0.17547139077317447 0.0984375
0 0.8084864501362855 0.25546875 0.20243668249628827 0.1359375
0 0.6887837025111347 0.4078125 0.13460737336031983 0.0640625
0 0.39447710255656326 0.49296875 0.05451043758467104 0.05625
0 0.15047811906490666 0.4828125 0.06191350180902231 0.0484375
0 0.16761363014618313 0.61796875 0.09793288896415206 0.05
0 0.07818595997436661 0.63984375 0.0936548247398008 0.0578125
0 0.20029109057077568 0.38203125 0.07145227611928177 0.0515625
0 0.7313629488930902 0.5046875 0.04431656603337366 0.040625
0 0.807587934193769 0.46640625 0.04669793758467122 0.05625
0 0.8076023015611952 0.346875 0.06528416327441136 0.053125
0 0.8191738873822724 0.42421875 0.057881099050060315 0.0609375