0 0.4300206976498947 0.7484427592695939 0.06586401741285464 0.0351204346753633
0 0.4209256586403141 0.7134137786044119 0.07860967887824373 0.03995338534372674
0 0.4355890241987178 0.6421927592695938 0.07598264586155708 0.01962270401018138
0 0.4529801628241856 0.8168836765993213 0.04621325870642714 0.017714758672817865
0 0.46499548394594187 0.8557825445974123 0.08173467887824373 0.03998974801081765
0 0.5939736550222696 0.8082161065802312 0.0372476944820761 0.025418170671545327
0 0.643290902308736 0.8802541912396862 0.050812227498762755 0.04587612133990859
0 0.502342754976841 0.7241780085932762 0.06150406603337366 0.04131589067472703
0 0.5272852012679394 0.6504950605904126 0.02433825870642714 0.017460220003181703
0 0.6743981394184373 0.7932263585694136 0.057471663274411534 0.0537613466740904
0 0.6990805568767204 0.8436894352323684 0.0466226944820761 0.025527258672818222
0 0.7504073614901332 0.8922809292250504 0.07063340456798421 0.036737478675999566
0 0.495231860585622 0.9194541459261852 0.036667840343633 0.04414998933799978
0 0.5262262330414307 0.8792740412555945 0.029517081637205678 0.026889764003817974
0 0.5394123077812315 0.8213433625875493 0.03231453301668665 0.0206761266709087
0 0.4343463495043455 0.785088783935412 0.11750840456798421 0.03728291868236298
0 0.5797340926069406 0.7521661012492311 0.08600609905006032 0.06190111067790856