0 0.2504123640594973 0.43399930438479667 0.3581044960216354 0.16559336688067744
0 0.2908748267424965 0.5536299659110381 0.18195907200827238 0.06410123051823949
0 0.3254611014480856 0.8398032451320313 0.3336499360279987 0.2120319902574721
0 0.5505594567552232 0.6428661952147569 0.22812609468490824 0.13832966314779932
0 0.5979402500397709 0.28259116842939563 0.16349997334499947 0.0887739480508353
0 0.8729857033736345 0.2816972755741358 0.18248633068109044 0.10941373051823948
0 0.7672976826861809 0.13038596591433343 0.09097044533736351 0.03126936525911974
0 0.7981755126909534 0.16501038190480177 0.09860113200190898 0.01578073295387141
0 0.8203868673615442 0.19353480235949702 0.07372840133672724 0.02628185633066593
0 0.4107482380251352 0.17802421956448608 0.1098840773392725 0.0456591477265238
0 0.3985033240372256 0.267318544645564 0.16002952800763595 0.05903190097293472
0 0.7216970180617244 0.4421825823912691 0.11965906667727211 0.08019778896022593
0 0.6133277980187719 0.1276036595009419 0.06756930800445424 0.0339852621748646
0 0.5991294853596351 0.18333150812097015 0.05806703866963616 0.02288412094116259
0 0.6096402713637714 0.21362298011779296 0.05174431333545435 0.016525026785361163
0 0.727480657344045 0.06622405438809191 0.0926965773392725 0.045359138798070055
0 0.9045458807288153 0.44211657833407936 0.13377611067790837 0.0851307508107789