0 0.8470696675698246 0.6142367873320774 0.262296361374532 0.1794183133099551
0 0.7027641468776098 0.70538216436232 0.15811347241038015 0.1276455332781829
0 0.7277375706674709 0.824459446829724 0.12136374491161739 0.08173301542127547
0 0.6072735051999243 0.5811713226421507 0.20087418249628844 0.13931941882984217
0 0.7368204850735363 0.47649923376135506 0.2829364099950512 0.18602286931630943
0 0.34259245024782725 0.40093084902377 0.20094942559888337 0.17054214529089187
0 0.17813712460351525 0.3161040612813602 0.12464587516934214 0.11457278896022585
0 0.4231541327441157 0.538150205354436 0.10910940637700647 0.0862023271096728
0 0.44152235244096233 0.5907666907439394 0.08131859905006031 0.06230117694751698
0 0.470374370758328 0.6498104541366201 0.0811548247398008 0.05917617694751698
0 0.5611974445936176 0.6849587958567894 0.09735303482570909 0.07038641233702041
0 0.32423967718076313 0.6464791282447633 0.06980788896415202 0.05117276217486459
0 0.23282346110196112 0.6893739659077428 0.06306656603337349 0.041688668019063256
0 0.17358457993972515 0.6313608685055306 0.10154921189493056 0.06109323295387146
0 0.048601190071061916 0.5550284192368793 0.0433206320667471 0.08193183847375848
0 0.07646283921197929 0.44623980032431154 0.09743492198083883 0.07194891233702042
0 0.19076103459856647 0.4974086083592608 0.10746501922187686 0.08461255357072232
0 0.26898893317365696 0.5900967146899269 0.07465916327441154 0.05437958279171564
0 0.5018335741739739 0.26711673092198124 0.14421474672063966 0.13052507142762995
0 0.35030761646291486 0.10133995210802513 0.4506152329258297 0.1983161379839959
0 0.5258829850735364 0.4728173060030592 0.11288950361804453 0.09875687418757337
0 0.7947889518297069 0.882608911926688 0.06306656603337366 0.041688668019063256
0 0.5047194725219217 0.783881491068251 0.057969630257724704 0.03379434740221221