0 0.5363844902823925 0.15625028609265276 0.11379928901808825 0.1488961798265045
0 0.6479647355020305 0.068715816242155 0.09534967766703631 0.13743163248431
0 0.42337215299003395 0.2411538170911765 0.11385984577334832 0.12555880937615385
0 0.529769952187155 0.3590644054632693 0.12679993676633483 0.15750971622369905
0 0.21963229102067303 0.45267800971760747 0.33913446020671945 0.4356509099298643
0 0.41973002544296933 0.563799575110741 0.11407869370616516 0.20182092072720578
0 0.5077108867940214 0.5534547555555542 0.0679675524363235 0.06504281153562204
0 0.6379841679494287 0.29721764266334283 0.06185725478036197 0.09110466378737563
0 0.6693330999354016 0.3579653755444797 0.038380181985972685 0.06470285009228505
0 0.6994259083887047 0.11756161860464939 0.05570738433001132 0.09226664558877831
0 0.7446661620893326 0.223702194638241 0.04775518198597286 0.06530362739018099
0 0.7679756492894061 0.11003091842007925 0.04779475478036197 0.09020349784053164