0 0.8168243375570897 0.18841839535587593 0.1710498962703781 0.19985891066226813
0 0.6429365516643184 0.16685694708437085 0.17190200124939992 0.1905293747688908
0 0.9174507155803431 0.7930771516240821 0.1242215178461393 0.15796091567683312
0 0.8536805230442315 0.5921427889293852 0.12474173610255264 0.12367684389007856
0 0.9984089921258376 0.7882185038939378 0.0031820157483249288 0.06900606426490725
0 0.795009798363548 0.9234813686336987 0.08802206348717298 0.07115959765100222
0 0.7205487143309431 0.6124589520989359 0.19489106058738806 0.2675919799417404
0 0.6003984672307283 0.42177777929596677 0.06953217261537965 0.05347199247815251
0 0.5588603174358653 0.32824673964166573 0.05090057178554286 0.05448892319868044
0 0.6682595508391257 0.3563824483380121 0.09675844606059662 0.10415395407749281
0 0.9619336214755151 0.24505953728003255 0.07613275704896978 0.1445061694377568
0 0.4771968429556745 0.3768182834526018 0.10118583693238978 0.12143238229073816
0 0.6140968821724382 0.5818885651893441 0.04933807178554286 0.05444345909205772
0 0.8157265466899408 0.35992132231548 0.07590057178554269 0.05521634890464337