0 0.52578125 0.6599587958567894 0.121875 0.1365023360381265
0 0.8875 0.510803870123793 0.225 0.23361488960884885
0 0.734375 0.2425060633066598 0.1296875 0.19288870373287823
0 0.52890625 0.1693883429346901 0.10625 0.20654210064862313
0 0.1734375 0.5663086128234878 0.0828125 0.22644549756436802
0 0.31875 0.30165755194586935 0.0890625 0.14999209172016936
0 0.21171875 0.7044768145277711 0.0359375 0.08031479139585791
0 0.2671875 0.669507525160508 0.03125 0.061482970779006864
0 0.2953125 0.5723421988616143 0.0328125 0.10057274431795715
0 0.37265625 0.5377547390396561 0.0421875 0.06636138555165907
0 0.12421875 0.7427932463465521 0.040625 0.06477161201270878
0 0.07109375 0.6699909460222404 0.046875 0.04144320616851012
0 0.10546875 0.609653463879148 0.025 0.06449887662320535
0 0.4640625 0.475287741068251 0.1 0.14080800649282174
0 0.546875 0.48610823863261904 0.0578125 0.11350912094116268