0 0.7203125 0.54296875 0.1203125 0.084375
0 0.828125 0.37265625 0.1046875 0.0875
0 0.7265625 0.41171875 0.075 0.0703125
0 0.70859375 0.33125 0.109375 0.084375
0 0.59296875 0.11875 0.1921875 0.1671875
0 0.79921875 0.13359375 0.1390625 0.128125
0 0.8546875 0.2640625 0.0703125 0.0703125
0 0.7734375 0.275 0.0765625 0.0671875
0 0.89765625 0.5625 0.115625 0.08125
0 0.77109375 0.65703125 0.10625 0.0796875
0 0.940625 0.6640625 0.053125 0.0421875
0 0.896875 0.634375 0.034375 0.03125
0 0.878125 0.69765625 0.04375 0.0296875
0 0.90390625 0.7625 0.0546875 0.04375
0 0.73125 0.7625 0.0546875 0.046875
0 0.46015625 0.6625 0.0875 0.0546875
0 0.4390625 0.6078125 0.071875 0.0515625
0 0.45625 0.4734375 0.1125 0.0828125
0 0.30546875 0.4109375 0.046875 0.040625
0 0.26171875 0.396875 0.040625 0.040625
0 0.1046875 0.275 0.1109375 0.090625
0 0.32109375 0.3546875 0.065625 0.053125
0 0.6625 0.62578125 0.0796875 0.0671875
0 0.75703125 0.815625 0.04375 0.0359375
0 0.68828125 0.80859375 0.0453125 0.0359375
0 0.7984375 0.7515625 0.0515625 0.0546875
0 0.16171875 0.365625 0.1125 0.103125
0 0.28515625 0.11640625 0.1140625 0.0921875