0 0.28449636201600415 0.4559378980092636 0.10806941882984215 0.19923643939369332
0 0.18586044440397798 0.6861399751239137 0.18819329545304758 0.2284126843053107
0 0.36124227394928277 0.6734363364984459 0.05401711850553052 0.14332727611928178
0 0.41971506737373543 0.5490405240831169 0.07742734496658024 0.14299308344622794
0 0.3947986623403157 0.4085449988683463 0.05037392126547413 0.11347600180902226
0 0.4786339200509534 0.3542912680902231 0.04829322402541773 0.08370661465389251
0 0.35821982873452585 0.1298124892574078 0.060820497564368026 0.08592421189493056
0 0.09345394521146158 0.06667292288535 0.12090460957707685 0.12966092378986113
0 0.09210213068369051 0.27851450361804464 0.08395008035608367 0.15894563206674706
0 0.30514841234361095 0.8855368668015992 0.08107845048646736 0.08386374491161738
0 0.38431376096363923 0.8748284181356516 0.03743754464226869 0.08782090456798422
0 0.4436456708650276 0.7012138557203227 0.07095915665497757 0.13016553482570908
0 0.5257644699715233 0.6108997942095049 0.030505706168510116 0.04843085594746519
0 0.39434251501753365 0.21068403098052185 0.06668866801906326 0.06437676051544958
0 0.4762549882321725 0.2665865502023987 0.03711026217486459 0.0690709045679843
0 0.12892110309084567 0.9413143967660682 0.12087733603812652 0.11737120646786359
0 0.39945356575217766 0.8138466525318193 0.06172843262955983 0.048506099050060314