0 0.40957824545188604 0.24514638592700022 0.14431519602827728 0.318591287293461
0 0.27016037283064154 0.3991295030800429 0.12809938296032675 0.17138890507947585
0 0.27287649628045557 0.542425635294028 0.1142894400324213 0.142827395460829
0 0.40618130190480806 0.5196925181409854 0.06828342721213972 0.09286211179556503
0 0.4072300715495151 0.5979812092479779 0.07380568114108108 0.07745536660488846
0 0.4330070134439633 0.6661781377410987 0.06864730024766903 0.10067461179556503
0 0.5177716193159848 0.543152354708807 0.06486732878371626 0.0865029843909035
0 0.5641778924753487 0.48764888837407094 0.040192660462916766 0.059122028855940555
0 0.6026304245260526 0.3677009761230189 0.04502570967712849 0.062410719962933126
0 0.672454927007252 0.33023074717441114 0.04651543507002263 0.060902783665263985
0 0.5061942262214637 0.321294712876175 0.05596320967712849 0.06279266587924912
0 0.5740688926802364 0.09047378801125124 0.09259422249741008 0.11243056733052792
0 0.27184926716350777 0.1276538071637269 0.1757021290313853 0.18865081614940155
0 0.007795267577792528 0.6249280781303012 0.015590535155585056 0.17485615626060227
0 0.11013028556986981 0.6932465469121079 0.1578254243166556 0.2067460517214313
0 0.2970331261404104 0.6622123456383143 0.08118584160399785 0.13543155771188112
0 0.5075490568672067 0.44341524953666384 0.06192211124870504 0.056760920688572546
0 0.611851374897556 0.2201265716765152 0.05440070967712849 0.06273810217691826
0 0.7206398699351574 0.3037426582443368 0.06076202564056317 0.09883929328391083
0 0.7817272272549209 0.23544901523057846 0.06835620181924558 0.09442461179556512
0 0.5025491495046619 0.21474461251335528 0.057962357319763666 0.07222222958157998
0 0.36103566005314114 0.7497421166897065 0.04429796360606986 0.046785719962933035
0 0.29304548532220076 0.7982316911918106 0.061631012820281585 0.05051092068857237
0 0.18937898387445876 0.7390526094333124 0.05930653349844599 0.06758929328391083
0 0.251258245661283 0.7881647212288774 0.06682793507002263 0.06161211179556503