0 0.5006809645314358 0.36025631392329904 0.13205732863401992 0.13721167211208343
0 0.15074293196265676 0.5073059665650002 0.2424046780139645 0.2349244331300003
0 0.32399579089037084 0.7764949905006947 0.14413219875988892 0.19364351006798622
0 0.5347333039626253 0.8508085787409378 0.12176029129135628 0.20716049620027804
0 0.8596550680605652 0.4559572057345146 0.09986198050347568 0.22692748233256949
0 0.7345888261584423 0.7197625197547228 0.10031042116548736 0.1505104526972918
0 0.8109546910862191 0.31756619975059097 0.0419758576783142 0.08052395459715278
0 0.7582091219999686 0.3522126502636812 0.03586756763635783 0.061664851823611144
0 0.7374840701351577 0.44921428362243115 0.040390046890433594 0.10076371941479163
0 0.6628635010489072 0.4833515878589935 0.04716026514684692 0.06660692496187508
0 0.895435512247062 0.2797590348567021 0.045479365976683894 0.06500805737069441
0 0.9540068740745611 0.352870532956841 0.04995337842423879 0.041716027735416716
0 0.924249441710919 0.4130079459508688 0.029854365976683894 0.06464438145888884
0 0.5763116170255912 0.5452865837749311 0.11053752614450918 0.14139002583555574
0 0.4927887220046131 0.5339841014423615 0.06633724025173784 0.11384560087368065