0 0.8235560124083726 0.5339542659550006 0.13930243664223277 0.1405185100679862
0 0.9751713757563045 0.5040518264598273 0.04965724848739086 0.08404899810013902
0 0.9512764568442755 0.6203846880670841 0.054698207677454744 0.06835126291777768
0 0.898790595211878 0.6394425061713549 0.03630884059717552 0.05076371941479163
0 0.6261014942231423 0.6549349939191671 0.327949309422495 0.27282578305375027
0 0.4519420004273285 0.9033730940819966 0.21231360174504027 0.19325381183600676
0 0.7864808913928212 0.9184006947165979 0.08682229282674854 0.08157861474138883
0 0.9031984978294385 0.936716896463959 0.06607275025210128 0.07485583605604162
0 0.9753402565823386 0.7941676801832994 0.049319486835322834 0.07460126291777769
0 0.9531185542267149 0.3232557681392022 0.06240144703379258 0.06697060087368065
0 0.9692306012408374 0.17783481857604247 0.06153879751832534 0.10606946846486114
0 0.7810693195619536 0.13829627383878537 0.10416261213660061 0.12878092306201397
0 0.685324766847848 0.2749039614340978 0.0780700056999832 0.11257404160312508
0 0.5147234177006977 0.05487913611163238 0.11207366510280767 0.06344686379145843
0 0.5531735485267317 0.2031900027528824 0.08206909084927716 0.12514677678548622
0 0.47168324790631305 0.175554005602674 0.053212117332380515 0.09171602773541672
0 0.36461914691757735 0.19490145801562528 0.057495425746469396 0.06373649810013893
0 0.3947329818147697 0.13476404502159753 0.048371798022528535 0.04480466014423614
0 0.248874178596461 0.12356935904180574 0.08610102698730664 0.11588087955902786
0 0.5451857219274127 0.3566598416587157 0.08035377153942491 0.07830814437666671
0 0.627796126134457 0.3445430077868755 0.06080609604505725 0.08877286569131951
0 0.7517360067083894 0.4215256947165978 0.10997556956195353 0.12267639342673622
0 0.2950864410048336 0.6394307483844793 0.36145022427320106 0.2611258700597226
0 0.22881585686394584 0.9186805308695487 0.09991215471124751 0.1349218202884721
0 0.10474493631325654 0.8175154615310071 0.10077553218308677 0.0803434230620141