0 0.46407057937510904 0.5674585217423416 0.21008100831327017 0.25207934145441174
0 0.8150577325155297 0.3676620874400169 0.18002979546028897 0.2376768800110746
0 0.44143574676780173 0.7804696614710236 0.166938762074194 0.21656334361388013
0 0.7354501712201233 0.7633064520302714 0.14359219028743908 0.2181864003691402
0 0.26114650468536055 0.6820357541620531 0.29583195486891556 0.4119735780361765
0 0.17184625626820615 0.37127063001107463 0.3436925125364123 0.5237912600221493
0 0.6537588681714802 0.4504676881506108 0.1157279515702104 0.11814682757475108
0 0.9128861640939874 0.5563018877168722 0.1056088054894186 0.1455709207272058
0 0.5882412359472491 0.9861923280361765 0.09717652837152997 0.02761534392764702
0 0.6978041040522223 0.9490567230850877 0.07188702335696498 0.10188655382982467
0 0.8063105890085275 0.8296812260889649 0.12039873119538136 0.17147208667404962
0 0.779286402415505 0.6017471907715045 0.15993259263643722 0.13657545496493206