0 0.23979889067385382 0.4528420918674959 0.10850479065319459 0.10306335779368574
0 0.1542491292746874 0.12867727879802082 0.19546058320625015 0.15181864718563745
0 0.09163545402847192 0.36519933674699834 0.12765483415618065 0.12134292093374785
0 0.4583475625015968 0.5414550837632266 0.1531639804327085 0.14467400512049763
0 0.47314002716673575 0.3764671205949295 0.10483427678548622 0.07944384727034208
0 0.4449409855636107 0.44523253114650807 0.03364895459715278 0.037848610495108834
0 0.294606491928784 0.8081075380765338 0.29350326538631977 0.38378492384693247
0 0.045179661142621286 0.6523129288968429 0.09035932228524257 0.14029034200867016
0 0.10093510600458291 0.5034273788403731 0.11944229065319453 0.10370039462538863
0 0.2571883720564928 0.3443316418533784 0.13045252583555564 0.1074624314570917
0 0.5440460603173953 0.6911736336785219 0.15294577488562525 0.13529900512049747
0 0.31131478723472206 0.23717856548854943 0.12790810087368065 0.06518392619541977
0 0.10279377241708314 0.22190436305535757 0.16155705547083343 0.10303253669052861
0 0.4366070343849304 0.1646804811606255 0.10014677678548622 0.07917083148532651
0 0.0567766768617361 0.05175919205102249 0.1135533537234722 0.05976838410204497
0 0.6652164647620482 0.4932660256730747 0.18979115824437506 0.10935813140062187