0 0.8509911245913152 0.43939436757624784 0.07011367694751698 0.08012542069139794
0 0.7723927917995995 0.36526889429842513 0.10651482710967279 0.10773359514371954
0 0.7520006509729347 0.1811750391255756 0.11956029788867965 0.1393473079967011
0 0.8438278664769356 0.07374663552293646 0.11578073295387128 0.10175637978345572
0 0.8757381599013883 0.20195420354876742 0.07461026217486477 0.069324313011266
0 0.5358280004037418 0.3224663141984002 0.34245587580913117 0.3832122829238764
0 0.645810521100023 0.5841288913954312 0.10257162094116268 0.060767666930474286
0 0.6105764046230874 0.5339099310497323 0.06704322402541756 0.08315949247815269
0 0.5052400681779238 0.5831621217993899 0.06671594155801372 0.06440949247815268
0 0.9840979050301245 0.7940855307457984 0.031804189939751024 0.16377299498543502
0 0.9309879107088721 0.8173124305875138 0.08285913879807012 0.0945516335443795
0 0.8942907057581777 0.7280082381885036 0.05931254464226896 0.0876196719450391
0 0.9630992069759937 0.6886251409332129 0.05117276217486477 0.06864235141192587
0 0.750753165580136 0.6465272544858396 0.08938187418757337 0.11035848997087001
0 0.6389389581938099 0.6378078208623178 0.08247730925276535 0.0726766335443795
0 0.6768304703686744 0.7060637273679509 0.047747753246410875 0.05136392319868044
0 0.5622497731286179 0.6730573475844951 0.06326365909060953 0.045568564264907255
0 0.551756558031654 0.608722062944759 0.050790932629559825 0.046767351411925874
0 0.5055497597359373 0.6456393897460786 0.025545470779006863 0.03197742570596294
0 0.8940922881461517 0.4929656484550602 0.10772277110331814 0.08746655925034226
0 0.9698651481319132 0.4131848717328829 0.060269703736173595 0.06891513605166182
0 0.8281299176087309 0.7401385136570395 0.06830571509696384 0.0660174565847754