0 0.3261885272509356 0.37207856569767533 0.25964939620024124 0.2595704688445927
0 0.5619865863869042 0.3150728038205995 0.12735479534115868 0.14208497532299766
0 0.593090501470338 0.21516244138981327 0.15326219810012062 0.13128717766703613
0 0.625168259838081 0.42572850400516965 0.11469766508343379 0.10857156847545255
0 0.8543523123037874 0.7641551580749377 0.24019779059146024 0.4529805074012557
0 0.12784063772095663 0.5572989651439648 0.25568127544191327 0.31772293028792975
0 0.34941574457293306 0.16819210209486987 0.054919873360319824 0.06736677513842756
0 0.39544861883776405 0.0825642851605769 0.06281426051544958 0.0694299228866742
0 0.6402344171195988 0.31773553130306553 0.054919873360319824 0.06736677513842756
0 0.6783773055179239 0.06855635409745468 0.0329696302577247 0.03481509099298643
0 0.6921631665537719 0.11960771436877256 0.050320904567984215 0.039041516039128955