0 0.34686147436693104 0.7274061399113545 0.1483413893989355 0.136012848023889
0 0.06063557809476058 0.6812701434267362 0.12127115618952115 0.159450348023889
0 0.11060459422102913 0.572404942913646 0.09610946757828502 0.06929682028847228
0 0.3995074686170551 0.5235550945085073 0.1712689642443051 0.05389133225631966
0 0.5831808380121114 0.4980862350854519 0.1543685066679597 0.037902656344514084
0 0.6941822398288824 0.5382410692416325 0.14174096091032523 0.036049215615069484
0 0.5197247605816677 0.661766222167674 0.11798446757828493 0.06980596656499997
0 0.5121511187668364 0.5723582300514588 0.12417082363742171 0.03096167211208343
0 0.38182601891661755 0.6155062051658338 0.10082891848667064 0.0506922906531944
0 0.5859243611807926 0.848032336909063 0.11243584030732094 0.11646276101791671
0 0.2074473854367358 0.4791653956109377 0.03871155575957417 0.053925087005972115
0 0.27197214210469556 0.44622691546256965 0.10178564060688355 0.02420252583555573
0 0.23259064877265537 0.4108699905006946 0.10854582363742163 0.030597996200277856
0 0.32799874362190434 0.39273954597152805 0.04288887272903601 0.04778418977951393
0 0.35920081725932596 0.3652873464083684 0.08950878121376693 0.04575021751493065
0 0.46758740210663524 0.3991194453821879 0.04706618969849785 0.041643292553055565
0 0.5842326392297577 0.35095666194718805 0.04617336939505616 0.030705792553055566
0 0.5188627307450268 0.3463042231176046 0.03887105242559432 0.03677395459715278
0 0.4584354137755648 0.3386358870615629 0.05618609818322895 0.038736498100138926