0 0.1689447960684373 0.24996366069275294 0.09792966014423614 0.05095482622365459
0 0.4548998266536456 0.2660766951759686 0.19219011284152784 0.1453866366622938
0 0.7981218433711456 0.3022600349773259 0.16319229065319457 0.10624854195220053
0 0.606351264248958 0.36258142690129147 0.17089568787965276 0.10201606826055967
0 0.7059849754956244 0.5065750796309494 0.22889002583555573 0.1131957629424182
0 0.4207722144777078 0.6261720319935542 0.2472776563445141 0.1657593208208084
0 0.7044542706141312 0.7399413164767699 0.22191659327423635 0.28287122611071513
0 0.9695584726458328 0.4116441983009147 0.04102634992375016 0.08665013154179615
0 0.9630558591387149 0.32230097724010986 0.05752286569131933 0.05796368942018652
0 0.8037542475314581 0.2949102665614744 0.15716049620027767 0.11525952090551303
0 0.17937184337114553 0.33829811859937814 0.2561435100679862 0.14443035239083954
0 0.1604516571070133 0.681903905431081 0.0909172471502084 0.08487479991529553