0 0.5414538927036802 0.24130493735404798 0.11647952267663583 0.0801718893637168
0 0.5399470313892247 0.3805494478773917 0.10316245735199914 0.14341534200867018
0 0.6783208300843142 0.5820069901119409 0.047784066677272106 0.08085515785015537
0 0.3386726960136812 0.08349264487244376 0.10661472135581711 0.16698528974488752
0 0.5971573580124085 0.05668774267218958 0.05690452800763594 0.05952618942018657
0 0.6182141980028635 0.0020088844902744125 0.05977498933799978 0.004017768980548825
0 0.6586595740372255 0.2360420427286593 0.04264203333863605 0.041519642065139896
0 0.7351498960454979 0.2925657875375746 0.06887836401972632 0.1492257262518895
0 0.9206901434197687 0.5835261745528042 0.03922722668681722 0.1506216262801244
0 0.6466061113939972 0.40951734008370594 0.05526930267345413 0.05318518415851479
0 0.708730657344045 0.046567102955536906 0.054379512014635624 0.09313420591107381