0 0.80078125 0.35859375 0.3984375 0.6234375
0 0.534375 0.45625 0.1140625 0.1734375
0 0.57734375 0.5453125 0.0984375 0.1828125
0 0.46640625 0.67265625 0.071875 0.1125
0 0.34921875 0.56640625 0.06875 0.121875
0 0.33671875 0.70703125 0.1109375 0.146875
0 0.43984375 0.54453125 0.0921875 0.0953125
0 0.378125 0.61171875 0.0578125 0.103125
0 0.40703125 0.6453125 0.0640625 0.1265625
0 0.31171875 0.55859375 0.05625 0.0859375
0 0.25859375 0.63828125 0.046875 0.0578125
0 0.27109375 0.5875 0.04375 0.0515625
0 0.78828125 0.80234375 0.18125 0.1640625
0 0.53984375 0.7125 0.0765625 0.0828125
0 0.446875 0.75703125 0.059375 0.053125