0 0.3663944922131245 0.6246270222740946 0.41915788202756976 0.44176693464399486
0 0.23644599306614583 0.2858434040021574 0.47289198613229166 0.5248118080043148
0 0.07619555803628457 0.5018734384891822 0.15239111607256914 0.26937187697836434
0 0.29600272492694363 0.9477624706013579 0.33230596656500017 0.10447505879728425
0 0.5855022892314923 0.9040168718899817 0.25505509517409736 0.19196625622003652
0 0.7033866523573606 0.5969202606269912 0.10069229065319459 0.10203389077317446
0 0.6009714735957635 0.5274122648108628 0.0866297906531944 0.10129690637700665
0 0.5532080804533678 0.42869812584671063 0.10083776101791671 0.10828389077317446
0 0.6544244351267705 0.4824992345077094 0.0755104526972918 0.09291119629109837
0 0.7024079934473955 0.47093429273916687 0.030778527735416717 0.04843085594746519
0 0.7263110868185411 0.8218317294193268 0.12162303970326391 0.1296609237898611
0 0.7699863920050339 0.9281536504956545 0.07514677678548605 0.07728619629109837
0 0.8498200155801381 0.8924452018297069 0.08619337955902787 0.08254690637700648
0 0.7063096709747217 0.7065818656699454 0.10857752583555573 0.10556832654882306
0 0.7813882850505205 0.40467520691808956 0.13001742116215276 0.1550703595655099
0 0.5390403969421179 0.23084047998515364 0.17133340539458342 0.18688692559888348
0 0.6668010678199303 0.2868149202833582 0.1984427256830557 0.27882212008095947
0 0.46602308387184016 0.10811895296136069 0.25232883225631964 0.1802075576656305
0 0.6647333408056945 0.10679987166283918 0.20178331838861113 0.15414966870147845
0 0.7885682714671527 0.23062023122834904 0.15018575721819474 0.21699050542706697
0 0.8468430987863883 0.7514926532091879 0.06468205547083343 0.09702548620519025
0 0.7532795092149649 0.5033240688584486 0.12761846656500014 0.11905097241038014
0 0.8329339076756941 0.3408893458822416 0.0735115416031249 0.07407930913596861