0 0.11548464922322861 0.6819271009957919 0.22402199430041678 0.16706848202865068
0 0.04405193921083304 0.7932341340280836 0.08810387842166607 0.1614682680561673
0 0.5810524849949299 0.8350149616950485 0.12474803970326391 0.12769346878180698
0 0.7301257646302076 0.8464757952676454 0.06424564437666672 0.07718254809323426
0 0.13469185695451344 0.5285664880191006 0.2626844507974307 0.151245074586922
0 0.3211385032310412 0.5131845685964723 0.4387404173624308 0.2698016455456472
0 0.6564557945498258 0.6523413601511026 0.2930265674386806 0.18040678493120837
0 0.4191733468865272 0.6682937092479779 0.2827436840799308 0.20814983901489229
0 0.5611192318607978 0.9400793960938012 0.2469139804327085 0.1198412078123976
0 0.27865614323930493 0.7259375397405318 0.12449346656500015 0.11675596878180663
0 0.869809779732187 0.6566643055192645 0.1419719072944446 0.12985616950744613
0 0.3965411595755553 0.36413199890369163 0.19546058320625015 0.14733633538669527
0 0.511873912425347 0.4479117765785059 0.13670252583555573 0.10469247840045348
0 0.8544542706141313 0.8125050777517832 0.09266158510611114 0.0906646947351895