0 0.55703125 0.6328125 0.2703125 0.259375
0 0.4640625 0.87265625 0.4609375 0.2046875
0 0.37421875 0.53671875 0.0703125 0.090625
0 0.60078125 0.39453125 0.240625 0.134375
0 0.47578125 0.26328125 0.296875 0.1984375
0 0.77421875 0.29453125 0.115625 0.0625
0 0.70078125 0.178125 0.1578125 0.0734375
0 0.37109375 0.18203125 0.1296875 0.040625
0 0.12109375 0.3734375 0.23125 0.1796875
0 0.1578125 0.2421875 0.134375 0.065625
0 0.33125 0.11484375 0.1359375 0.0328125
0 0.2578125 0.1765625 0.05625 0.034375
0 0.14375 0.15625 0.0875 0.0359375
0 0.49375 0.0984375 0.1171875 0.0390625
0 0.3125 0.115625 0.125 0.028125
0 0.9125 0.13984375 0.121875 0.0625
0 0.925 0.0375 0.103125 0.0359375
0 0.7390625 0.08046875 0.090625 0.0359375
0 0.54296875 0.88203125 0.4796875 0.23125
0 0.775 0.2921875 0.140625 0.078125
0 0.9421875 0.240625 0.0859375 0.04375
0 0.60703125 0.1171875 0.0828125 0.059375
0 0.13203125 0.609375 0.1796875 0.096875
0 0.353125 0.53125 0.090625 0.0625