0 0.5213403725843136 0.5841452793668582 0.24139691011329312 0.36538060206654455
0 0.4041369906456409 0.3530492945903646 0.12664470752810447 0.19444086729005097
0 0.8667934299221377 0.8579656162098965 0.24918555239490842 0.24982832493918145
0 0.1988260440291323 0.6049198250373774 0.10981003460041112 0.16466246369925486
0 0.22006042098770812 0.41680674668035034 0.08248353064607841 0.1457579275949012
0 0.086640425930624 0.43946247579950315 0.06016286167271767 0.13469316256778666
0 0.1613844634596036 0.22276131001026273 0.0544566897336074 0.10966589149054773
0 0.15423773870565557 0.7374414335468297 0.06564885771838495 0.11597952400410509
0 0.09429239433314347 0.6847613402608838 0.03912084980971957 0.07833407825883114
0 0.10786941608197331 0.7879408824153614 0.03127385771838496 0.11577953610435365
0 0.11738770163378653 0.5614874667243168 0.056910527680328914 0.13154998184962743
0 0.08389879201478492 0.19965963241536147 0.05063135277546911 0.09246021077238856
0 0.06105815269891941 0.32918350595192836 0.039057182813525174 0.07677157825883114
0 0.025867410607584806 0.3664698825135574 0.023113847832553224 0.06886817466803503
0 0.08013568832509474 0.8932232800542292 0.04450868676785789 0.09554884933607007
0 0.5235396121670093 0.13973220403489328 0.14702087452429885 0.19612154195808595
0 0.6503077006080223 0.1646827279408025 0.10875155338349138 0.2536976926220159
0 0.7820962114824372 0.21699972774441081 0.1374548735357159 0.19137949980360833