0 0.521364145545647 0.4210294004574996 0.12357145317271012 0.18554006933854178
0 0.8452827951828272 0.40488937528753405 0.22657245680090696 0.27380509517409735
0 0.8085442640494522 0.8529826895920827 0.17097224282842377 0.156979964665139
0 0.40212061614155237 0.5887825577519441 0.05439981252120454 0.08245013050895836
0 0.355270408792491 0.52341278410059 0.05514385698624169 0.059048998100139014
0 0.3842832969969259 0.4586229322769789 0.050749022865490725 0.11202852773541672
0 0.42383189191744997 0.33729213972392325 0.09909724282842394 0.15530705547083343
0 0.3416642326616229 0.3352951882609025 0.047460331758498245 0.10726829255305556
0 0.31744797186184964 0.403100937310972 0.03074405771188111 0.07565461664124999
0 0.2528398348385411 0.3889670085493748 0.034613102176918265 0.05232621941479172
0 0.24486115453132173 0.31721929511850677 0.036339293283910834 0.05705008700597229
0 0.29052337331312844 0.438130553952222 0.03208830290255769 0.06944098423243047
0 0.2721131684111378 0.5378584502287498 0.03655754809323426 0.0633000870059723
0 0.3126488883740709 0.5791367604492359 0.028690484390903315 0.06155574905006951
0 0.36205117684865834 0.6280275489182289 0.04011905771188111 0.07587282218833344
0 0.4168403697697494 0.67444730081809 0.03294147477225664 0.04916485182361115
0 0.1978547236759482 0.4488881756274651 0.03384921034428623 0.030451219414791807