0 0.5910690434535468 0.6732605926439547 0.2577281983633867 0.1912143471291678
0 0.3823562754821975 0.9061773213855059 0.19079366950744614 0.14989212613894978
0 0.4251563559747513 0.7643391609045145 0.24741074645662095 0.25298630503579284
0 0.6051960639567848 0.9433000768589391 0.11569941106992569 0.05351838410204479
0 0.6312575669520097 0.9049887347796819 0.15483632213985138 0.10257751038216938
0 0.43897328619715276 0.5098945846102726 0.19561014427970277 0.1985116366622938
0 0.38825901278350783 0.6044405161379514 0.18777779691210786 0.1528351156156063
0 0.25125506450493906 0.7611594949500897 0.11243056733052796 0.0938703683170294
0 0.5253819790334258 0.22695401101745388 0.22782244355406328 0.18323524715740253
0 0.16849955117327714 0.34168072383281506 0.22242561542376219 0.16264973137238706
0 0.07936018402023445 0.47917228953312596 0.12838294954451307 0.10415542093374804
0 0.05792418283910809 0.5602703710890398 0.08070934137714506 0.12320925782192056
0 0.21897329944399663 0.621345837029347 0.08230655771188111 0.07964126834526439
0 0.8038121240309188 0.8471853981032705 0.1392857332097769 0.14845145250377884
0 0.8246181534350134 0.6807945586548492 0.1836904976377472 0.16974959983059074
0 0.7282068786706061 0.20652957700011348 0.35747522721932723 0.23444767861449414
0 0.8444692518140986 0.15168391132803744 0.3110614963718028 0.24797955759604165
0 0.25834077885594053 0.03244920797721238 0.1698065577118811 0.06489841595442476
0 0.2591840601589518 0.22601865550166825 0.2637053798517324 0.1837658681758551
0 0.1462128342055689 0.26391203960371323 0.16066965988879933 0.13566302616718487
0 0.38427088411290167 0.3557300003529359 0.20447422359113016 0.13977367349399666
0 0.5213616563454202 0.3360027873258131 0.25592759618646854 0.13965184712916762
0 0.2590525961864685 0.1101661423474886 0.21110616950744615 0.15107519454068408
0 0.5188343347537231 0.04468499100383577 0.13446925843752044 0.08936998200767154
0 0.19362859217975326 0.8819417027861277 0.1387748125212045 0.08916745776545092
0 0.8539608468194407 0.6984224034355296 0.2920783063611186 0.522706541811026