0 0.5469536773578494 0.5481509791962434 0.0977671185055307 0.14562011646291495
0 0.549349794645564 0.3661606727738083 0.1279728157455871 0.17686347241038014
0 0.5439711789827024 0.7637350356186785 0.05785913879807012 0.09513543758467105
0 0.4942302776027307 0.7515116745828306 0.0412795649348082 0.03962906603337366
0 0.44049735146599256 0.699690225012372 0.03810001785690744 0.03634029172311415
0 0.4315684107187579 0.6299099915207154 0.07433752678536117 0.055411196291098364
0 0.723465584419864 0.5865130370890166 0.09012616801906326 0.06560506784239592
0 0.46866503612414734 0.5616203369527311 0.0319045649348082 0.03913774310259512
0 0.48691660958366734 0.8127767232033497 0.03343979139585791 0.0376571302577247
0 0.3894935535740177 0.35736660617460786 0.05273526217486468 0.06988977611928178
0 0.42680045901117925 0.18759633876175336 0.035493215096964015 0.06586401741285455
0 0.39638230194916463 0.1415778318643484 0.04306025324641087 0.05221095318850333
0 0.3759862069825844 0.28158203414834054 0.027462526785361253 0.05295458163720577
0 0.5839953502448813 0.1699916796712133 0.02562729139585791 0.03724769448207601
0 0.8196755259745823 0.06386945132371016 0.3184614480508355 0.12773890264742033
0 0.8115405085280072 0.7278573320914911 0.10563416558343128 0.14915455223856355
0 0.5169732658283126 0.04051105608375085 0.1344761858759707 0.0810221121675017
0 0.4241843790621328 0.5163388144514938 0.06027502678536116 0.054674211894930734
0 0.45236965462967793 0.4219779828142881 0.04845686525911965 0.09308161465389268
0 0.45726348052153476 0.27576140208159344 0.03185001785690744 0.036012743102595036
0 0.6211178802799487 0.5473863393275803 0.03217730032431163 0.05476274310259512
0 0.6316247321463878 0.48205126639680174 0.06498980032431163 0.056482373360319825
0 0.4076048051988709 0.5718451860027913 0.036755706168510115 0.04875840456798421
0 0.8986744955423637 0.9231078770939654 0.07913412094116268 0.06190685775648745