0 0.403125 0.60703125 0.3390625 0.3328125
0 0.41171875 0.84609375 0.5015625 0.3078125
0 0.60703125 0.57578125 0.0953125 0.1078125
0 0.4390625 0.3671875 0.271875 0.2046875
0 0.6 0.284375 0.3453125 0.2859375
0 0.3078125 0.21640625 0.1296875 0.096875
0 0.41484375 0.13046875 0.171875 0.11875
0 0.72578125 0.24140625 0.1359375 0.08125
0 0.88046875 0.50390625 0.2390625 0.2453125
0 0.9078125 0.36796875 0.1484375 0.10625
0 0.78515625 0.190625 0.1375 0.075
0 0.834375 0.27265625 0.0640625 0.0515625
0 0.9484375 0.290625 0.09375 0.0625
0 0.63671875 0.12265625 0.121875 0.075
0 0.80234375 0.19765625 0.128125 0.0671875
0 0.22734375 0.03671875 0.1359375 0.0734375
0 0.4109375 0.02890625 0.096875 0.0578125
0 0.334375 0.8296875 0.528125 0.340625
0 0.3078125 0.2140625 0.1578125 0.1203125
0 0.16640625 0.1109375 0.0953125 0.06875
0 0.5234375 0.103125 0.0984375 0.084375
0 0.8125 0.7234375 0.2015625 0.15
0 0.62890625 0.57734375 0.10625 0.0890625