0 0.43515625 0.8328125 0.1703125 0.290625
0 0.39609375 0.49765625 0.1953125 0.1875
0 0.75546875 0.66328125 0.3421875 0.259375
0 0.08359375 0.8578125 0.134375 0.128125
0 0.05 0.53828125 0.0859375 0.15
0 0.421875 0.22734375 0.1046875 0.046875
0 0.65546875 0.2625 0.153125 0.0796875
0 0.55703125 0.39609375 0.1078125 0.1015625
0 0.4453125 0.3359375 0.128125 0.0734375
0 0.390625 0.18046875 0.1125 0.0515625
0 0.50390625 0.2140625 0.0546875 0.03125
0 0.41953125 0.1109375 0.153125 0.040625
0 0.5890625 0.153125 0.046875 0.046875
0 0.953125 0.375 0.09375 0.128125
0 0.803125 0.2875 0.0671875 0.0625
0 0.76484375 0.2171875 0.0515625 0.04375
0 0.20390625 0.2203125 0.0734375 0.0859375
0 0.278125 0.0703125 0.0890625 0.03125
0 0.28046875 0.2921875 0.078125 0.053125
0 0.61640625 0.85234375 0.1203125 0.1078125
0 0.671875 0.1625 0.0625 0.05625
0 0.875 0.2484375 0.071875 0.078125
0 0.39765625 0.05390625 0.071875 0.04375