0 0.6302353832009284 0.48721931068300267 0.2609476321207739 0.2884497668478481
0 0.8695382568356912 0.596959569485079 0.20736915592848745 0.47525064431968717
0 0.5330780611886131 0.663312281097806 0.09103406615858275 0.07664961733238052
0 0.3922086632551577 0.42680706252458817 0.13577491529826116 0.2500214153549091
0 0.2602314345287883 0.5426291684570023 0.20016466822512732 0.3107511017450403
0 0.2932176931129952 0.24637688133023708 0.06317268657189175 0.1199954257464694
0 0.1763841962362532 0.3116744633774378 0.07435562626704142 0.16294775025210156
0 0.17837238047045387 0.6416351149865921 0.04137949980360824 0.132528276735205
0 0.36832417301771503 0.8915560284123025 0.1810328731437834 0.21688794317539503
0 0.23728779645608605 0.8591228997675688 0.06640677088084708 0.13896394703379294
0 0.11095307631392362 0.6767806573091375 0.03360336123992673 0.13823197351689648
0 0.17224457943718158 0.7545339527337761 0.03470225292686626 0.0586537341605581
0 0.1512684832243695 0.8671760643661734 0.03644656010845857 0.09001299480421991
0 0.09549222365820385 0.5131334205506893 0.03974427693097134 0.11991901609154336
0 0.11162524200496819 0.6955852876309684 0.02885222872636941 0.1269666915859112
0 0.1393346898915414 0.09727882760772529 0.06320904800821019 0.1262454257464694
0 0.03706366276417835 0.07762225544788164 0.03653746369925477 0.10563799480421991
0 0.07895066003370384 0.26656442314857937 0.03646474082661784 0.09313799480421991
0 0.8793723199692117 0.5187088833470493 0.23404074023744242 0.4958580752619369
0 0.29087848829253504 0.24543174036474444 0.07894313231716561 0.14608803218308672
0 0.24028865671405414 0.0746386391239072 0.044249969749379045 0.08899679802252858
0 0.11490127469147615 0.4011632982746301 0.059856789031219736 0.08696440445914604
0 0.6043253055312723 0.9086747855372813 0.09792039129415606 0.1826504289254373
0 0.5274865913410383 0.6840236188449899 0.06302724082661797 0.09499542574646931