0 0.16640625 0.40625 0.1984375 0.16875
0 0.64765625 0.30546875 0.1328125 0.0875
0 0.42890625 0.65078125 0.1734375 0.16875
0 0.80078125 0.55234375 0.1046875 0.1390625
0 0.675 0.69296875 0.1609375 0.1
0 0.6140625 0.89609375 0.1 0.1203125
0 0.66640625 0.8234375 0.1109375 0.1015625
0 0.72890625 0.79140625 0.1109375 0.11875
0 0.56171875 0.815625 0.16875 0.228125
0 0.48984375 0.415625 0.1375 0.1328125
0 0.63203125 0.4359375 0.1296875 0.140625
0 0.79609375 0.3046875 0.09375 0.103125
0 0.8546875 0.73828125 0.084375 0.0828125
0 0.909375 0.48515625 0.0625 0.0734375
0 0.9171875 0.1703125 0.165625 0.209375
0 0.32578125 0.4921875 0.259375 0.240625
0 0.796875 0.97578125 0.078125 0.0484375
0 0.6390625 0.60234375 0.075 0.059375