0 0.560468042929006 0.5390166366446838 0.12533687551288217 0.2095659318225902
0 0.6633582795831332 0.5936885480043527 0.09919086958138301 0.17940019970043758
0 0.15087545600804872 0.6588653327212775 0.30175091201609744 0.5353943345574452
0 0.4056916541074321 0.4200588268022236 0.1199835306460784 0.1546233403073211
0 0.3425337850203406 0.5941817240770669 0.08860619665368966 0.1489474251546305
0 0.42703877760596676 0.6223229574071676 0.05557352076024671 0.10264651000193972
0 0.500521404070251 0.8063155780101716 0.13936488342154743 0.2480862978836665
0 0.37147589121866975 0.877584284378569 0.0977610207602467 0.10609024545807202
0 0.6424474851712524 0.04735426362578364 0.17135502965749527 0.09470852725156728
0 0.69917103456323 0.17340799891273823 0.09565469269935693 0.13083515394280307
0 0.588407289506146 0.1590900205836075 0.05506418479069151 0.09014651000193967
0 0.5275016230042432 0.16328305513135438 0.0640226907221905 0.11890923879011232
0 0.45398055136914406 0.11400027437662934 0.0873965237259963 0.11925992515463038
0 0.5170827292397533 0.05590098982888246 0.03484984387822045 0.05267846091032524
0 0.7859375696207518 0.3944701848182143 0.058762187756441084 0.10446410151720871
0 0.9491100261602732 0.19271688193357803 0.04980368182494175 0.07570137272903606
0 0.8861564510279518 0.5529208004202486 0.03383117193911005 0.02767846091032524
0 0.8106988531953986 0.6276016781502545 0.05002917490485963 0.04301641848667046
0 0.8154752420169725 0.75880388072563 0.04486151384016459 0.0690687354561323
0 0.7484548852871707 0.8748432110310116 0.08688718775644091 0.10675992515463051
0 0.8109270048685537 0.6984403366349854 0.0456600098858317 0.05044628121376711
0 0.9047260844123184 0.7086925682980961 0.03284167490485999 0.04161341515269079
0 0.9470528472638996 0.6445026514784155 0.025156508897248388 0.044100686364518006
0 0.8533665142600938 0.6505928969364876 0.043588173916276673 0.03781873545613248
0 0.8503661896592453 0.609569284209391 0.026082338935304605 0.028603232122152634
0 0.9376897761230921 0.5876467446606745 0.04046317391627667 0.0375636439408634
0 0.8577662182909762 0.867477507996594 0.029398339923887563 0.033545823637421535
0 0.8727147390512229 0.7681471876931523 0.035584672927693364 0.03249350666795969
0 0.9337013185949875 0.7810778802665881 0.032523339923887916 0.03380091515269079
0 0.8454531269585758 0.15351691437953885 0.1897707431170989 0.3070338287590777
0 0.1635027900004375 0.19143871666020112 0.15837486859279987 0.17955943849054995
0 0.31671136163553665 0.23421666377556485 0.08564302273741298 0.1144448793969958
0 0.3847490958182059 0.30341333180319346 0.058252851786885884 0.0919641015172088
0 0.5905507682516077 0.2593610875530693 0.08306185079830275 0.08931733363936126
0 0.5016845864266657 0.33825110422296883 0.030990014828747546 0.07260832363742172
0 0.4774605192401909 0.26392065498157313 0.047795512851581276 0.06463632697140156
0 0.5447196620160975 0.37133480013038456 0.057425180836358794 0.0716516015172087
0 0.8065790389746732 0.5376144069384272 0.03625051779449713 0.08705346091032524
0 0.7269751106097724 0.5993966719413366 0.04342634783255335 0.07206618969849785
0 0.7516806333471854 0.48992607709208774 0.04211851581733086 0.0781886439408634
0 0.6942541580245838 0.7718136769423065 0.09733920950527093 0.21039510818516866
0 0.7667167484427632 0.7324165949699352 0.018333505931498982 0.029528003333979848