0 0.24569205606741856 0.6652185678368505 0.02847222958157989 0.05670028589277152
0 0.2874430464487717 0.6495217902424489 0.023839293283910833 0.057907588382282424
0 0.26533243347208024 0.6668635782098129 0.01408234736759475 0.04625969336130424
0 0.30885425497895946 0.6345829518601667 0.03392362141421188 0.07893048340326062
0 0.3415749857416658 0.6070373697016616 0.027400802902557687 0.07064438672260831
0 0.37244303982534976 0.5937318862984011 0.030525802902557686 0.07088118506293455
0 0.40495543946253 0.5826517537249776 0.037266876223535306 0.0854172817435865
0 0.44837805724854485 0.5699615769604129 0.04373513103285873 0.09214087842423861
0 0.5117312291182439 0.544794710983729 0.05489088584218216 0.09921967261537983
0 0.6114484869227921 0.5066892145082139 0.09368056733052796 0.0943671518694554
0 0.7908061155085802 0.4163332111842216 0.20531252649368775 0.21191169461070417
0 0.9808693152423522 0.29559096823319153 0.03826136951529548 0.15992037427505376