0 0.8055548409868332 0.8355440787714498 0.17386190022746142 0.31906017735518083
0 0.9337674701325401 0.6255889181253579 0.1324650597349198 0.21740677068745348
0 0.48782351292594334 0.856835086728179 0.09542919961943923 0.1572863360120902
0 0.6014218034206724 0.6551282307447237 0.22481690517037728 0.34307948002863514
0 0.4320391561589605 0.35017600672340643 0.07824701680591399 0.08056020401018138
0 0.514512122052841 0.18949359273549682 0.14476335475263546 0.10319882001909005
0 0.24857001193736022 0.8493658426957259 0.1813083498097196 0.08019767202418074
0 0.8162258137636147 0.3116980461091313 0.1473737015966055 0.16726132001909005
0 0.76329583745243 0.028403740770177054 0.09314250494291584 0.02451019867918125
0 0.9723180103801233 0.1870718581317212 0.055363979239753294 0.1553783906747269
0 0.3542483730786052 0.5874391020448615 0.10343801779449713 0.08553860534690845
0 0.18267712060714728 0.5737294960216354 0.07837435079830275 0.08368520401018138
0 0.5980208666899957 0.9513601493674303 0.11826452174882966 0.09727970126513945
0 0.7587794338021083 0.09004067476922255 0.08130834980971961 0.07903406667727224