0 0.33335698332737895 0.5766642260382009 0.1941534636295394 0.2577281983633867
0 0.09791188418022864 0.35256449400955026 0.15206451659574646 0.19079366950744614
0 0.24030683381191156 0.4050769135169964 0.25577937848024546 0.24741074645662095
0 0.06337226525836415 0.5719122055349628 0.054851026987306664 0.11569941106992569
0 0.10200307652244452 0.6005382025397379 0.10434828243518827 0.15483632213985138
0 0.4950161131450067 0.4365724832945951 0.20072053788306993 0.19561014427970277
0 0.39984037093867686 0.37947425670824 0.154970995308423 0.18777779691210786
0 0.24146015236545898 0.23210320498680864 0.09514824505632147 0.11243056733052796
0 0.7790793927302035 0.542351290458322 0.1858275113999664 0.22782244355406328
0 0.6601448143661734 0.1789212183184706 0.1651872294689813 0.22242561542376213
0 0.5215579257464694 0.08056058547151328 0.1056158514929388 0.12838294954451307
0 0.4401768857697125 0.05355908665263963 0.12410377153942491 0.08070934137714506
0 0.3809543411013786 0.2096974700477511 0.08057229282674853 0.08230655771188111
0 0.16184188829072796 0.7764211454608291 0.15002141535490918 0.13928573320977708
0 0.3285430692329775 0.8087401160567345 0.17183071337743777 0.1836904976377472
0 0.801877026406229 0.7457763908211417 0.23853688418022861 0.35747522721932723
0 0.858164867255506 0.8549182008104574 0.2516488893760087 0.290163598379085
0 0.9685639657232261 0.29064249063580716 0.06287206855354768 0.1698065577118811
0 0.7769113333077085 0.27729920933279595 0.1867780062041863 0.2637053798517324
0 0.7376853063204019 0.1621454352861788 0.13748856436617346 0.16066965988879928
0 0.648605652869662 0.39283738537884605 0.14211036238870206 0.20447422359113016
0 0.6699393395118948 0.5307466131463274 0.1425909636295394 0.25592759618646854
0 0.8928094849168628 0.28524317330527926 0.15348490496334896 0.21110616950744615
0 0.9579483478482054 0.5488989347380246 0.08410330430358925 0.13446925843752044
0 0.11995685694082044 0.16629217731199447 0.09075567599857096 0.13877481252120455
0 0.3114537582209987 0.8453125 0.5263211074450236 0.309375