0 0.4098251285121881 0.7287913553866794 0.08441267401194441 0.06971361067790856
0 0.40893673536979236 0.8248487427195885 0.10690461664124999 0.02936133068109008
0 0.6166394793858687 0.7889947007479053 0.13877286569131933 0.05628745735199914
0 0.7055773056582646 0.9189009240929048 0.1239479526972918 0.09048064401654479
0 0.6000708816463202 0.8489418654121327 0.08364895459715278 0.036901110677908376
0 0.2762885427404868 0.863919238701453 0.1278353656913195 0.056160188017181055
0 0.2757780900431951 0.7748749200349984 0.08713763050895836 0.05256247334499946
0 0.23113643084888946 0.7024999333624986 0.08393989532659729 0.049401110677908554
0 0.3163647628208686 0.6730311567074981 0.06039329255305557 0.044440890674726855
0 0.06898649543777857 0.9505454400063634 0.09578658510611118 0.08859088001272682
0 0.11316964048003539 0.8018812206794994 0.1427719943004168 0.16099313868554468
0 0.2545174198309727 0.5996749253659985 0.06820579255305556 0.04453179734245403
0 0.21643684479284775 0.6414078920273625 0.08026938145888893 0.02592724801081765
0 0.5339159387326742 0.6911833620703149 0.08731946846486113 0.06037497334499946
0 0.6722881077106255 0.6966986600890868 0.1183148953265972 0.04980110001590834
0 0.9043752155181604 0.76891165678704 0.11122974715020817 0.08096019334818116
0 0.977051882502535 0.8487178827975395 0.04589623499492994 0.047547709341181486
0 0.9499539403481947 0.926561072127585 0.10009211930361062 0.09514996268299925
0 0.8163641096104867 0.6452645241088131 0.09520470364722229 0.06359088001272681
0 0.7710139355985421 0.5760054467695408 0.056795513867708355 0.024092028007635945
0 0.6802623022397922 0.6030668387571322 0.057195557370694414 0.04127952800763594
0 0.6550070758911464 0.5582537780871778 0.06326371941479181 0.03353975334181776
0 0.6465393060395144 0.49645321208622323 0.07118532218833344 0.03831816000954511
0 0.7491564661837504 0.5429474987666773 0.04273301386770836 0.023928396005726958
0 0.5205586874984032 0.5199805240690424 0.06824216014423605 0.04609429734245403
0 0.45248083472486156 0.5145021360598154 0.04774782218833344 0.03804544000636341
0 0.43787412727791714 0.5580703227243611 0.08833645459715278 0.036955654678545
0 0.4163270888089241 0.6054629433879521 0.0739102786853472 0.021167022676635838
0 0.29370589997934077 0.5384288900381801 0.07089438145888885 0.02581816000954511
0 0.3055512833380907 0.5104493407065436 0.05374324905006951 0.02718066534054504
0 0.32793346998347256 0.431824901376498 0.048764808320625 0.01462612133990877
0 0.34682959355857673 0.4718777367122707 0.03499324905006951 0.026962489337999784
0 0.42588066071291697 0.4454612347230883 0.04771145459715278 0.03648294000636341
0 0.48514721114975734 0.47504928473104246 0.048983013867708355 0.02400112133990877
0 0.49109135267663245 0.6297640567313607 0.06184668977951393 0.039771572008272214
0 0.5771736698309727 0.6034293707431329 0.08415810087368066 0.058776110677908555
0 0.6160880866247226 0.4632952667488599 0.06606141109416655 0.01951361600890884
0 0.7131455777910073 0.5058196687619047 0.03989895459715278 0.036392033338636054
0 0.6497175510055213 0.4316640060868597 0.03964438145888884 0.025454533338636055
0 0.5732816843642712 0.4026572114099055 0.05221711664124999 0.028724984006999677
0 0.7933604078631256 0.5294031667727224 0.03364895459715278 0.036319308004454244
0 0.12123148793524349 0.5442323526814083 0.058830792553055566 0.04442270934118149
0 0.17548192363069487 0.49253404002227175 0.06039329255305557 0.04444089067472703
0 0.2189948810776393 0.44930220802831683 0.04142508700597229 0.0348477146721816
0 0.4227725380877434 0.3790368033895429 0.03819098423243048 0.03012385200509069
0 0.47695219823197954 0.424967468730088 0.0398625870059723 0.03482953333863605
0 0.782609971502084 0.8057656721037226 0.07372974715020852 0.08052384134309065