0 0.56953125 0.7046875 0.25 0.1734375
0 0.35703125 0.92890625 0.1859375 0.1375
0 0.40234375 0.78984375 0.2359375 0.2359375
0 0.58046875 0.97578125 0.1140625 0.0484375
0 0.60546875 0.9375 0.1515625 0.0921875
0 0.42109375 0.5359375 0.1875 0.1859375
0 0.36875 0.628125 0.1828125 0.140625
0 0.2296875 0.77890625 0.109375 0.0859375
0 0.5125 0.25703125 0.2203125 0.1671875
0 0.15390625 0.35703125 0.2171875 0.146875
0 0.0625 0.490625 0.125 0.09375
0 0.03828125 0.5703125 0.0765625 0.11875
0 0.19921875 0.63828125 0.0796875 0.0734375
0 0.77890625 0.8875 0.1328125 0.1390625
0 0.803125 0.721875 0.1765625 0.1578125
0 0.71484375 0.24453125 0.35 0.209375
0 0.83984375 0.19296875 0.3203125 0.2265625
0 0.24765625 0.03828125 0.1671875 0.0765625
0 0.24609375 0.2453125 0.2578125 0.165625
0 0.1328125 0.278125 0.1546875 0.125
0 0.36875 0.3796875 0.2 0.125
0 0.50625 0.365625 0.2515625 0.1203125
0 0.2484375 0.12890625 0.20625 0.1359375
0 0.50859375 0.06875 0.1296875 0.090625
0 0.16953125 0.896875 0.1359375 0.078125
0 0.85078125 0.74375 0.2984375 0.5125