0 0.7651687662744413 0.29079602623923384 0.028790844866803767 0.05561508293962447
0 0.7224719303048862 0.3047692462021669 0.024167011862998144 0.05701389183263199
0 0.74576485026683 0.2883530725183695 0.014346342889637497 0.04574900961864685
0 0.7000557608372339 0.3188143880347989 0.03436968281352524 0.07765377404661714
0 0.6654433388981236 0.3449875076349123 0.027801347832553346 0.0696230192372937
0 0.633747669924763 0.3570162816815294 0.030926347832553346 0.06973214664195541
0 0.6005850014456937 0.36675586943047733 0.03774935079830275 0.08401290145127885
0 0.5564529994685273 0.3776586530957413 0.04425401878308044 0.09048115626060227
0 0.4915628285180002 0.40020826489130645 0.05544618676785795 0.09711310217691818
0 0.38954007209220964 0.43419637369164665 0.09419035178688588 0.09066469473518968
0 0.20438913927868446 0.5171155450131913 0.20645954152049334 0.20380459019601868
0 0.012965608422641304 0.6296230126138717 0.025931216845282608 0.15794147477225665