0 0.3479705182621049 0.9115419885002483 0.16919775025210165 0.08682980455162621
0 0.3997129707437795 0.8120520425928326 0.16443384059717553 0.0631372130363573
0 0.6805259281691325 0.8412602789670489 0.08772922896477801 0.0770724251546305
0 0.8555755686304221 0.9829704494105735 0.07635468639013113 0.03405910117885291
0 0.8408231978669722 0.5377043285177052 0.1765839153549095 0.1480223960668953
0 0.7896327664205195 0.7079531845768419 0.08438570767745475 0.07369233363936126
0 0.5002474743500757 0.5429031719898283 0.2206616972858944 0.1562811772806622
0 0.304312261476841 0.5583374980431459 0.13010239926336578 0.10538861485312837
0 0.13897793051492097 0.8889821069772204 0.07322968639013112 0.06967451333591938
0 0.1583292280332465 0.9860488124275338 0.10563799480421991 0.027902375144932278
0 0.4013011480028581 0.30618480880369 0.1171325056999832 0.11986570303441742
0 0.8202478899570865 0.36002586760738 0.09568384059717552 0.05752519970043757
0 0.9350966298176278 0.22325893336889385 0.120191803722512 0.16361570303441741
0 0.4441410418952169 0.9878260784934595 0.11174588317182241 0.02434784301308106
0 0.32993107642409214 0.9976556053102307 0.03343521287323466 0.004688789379538605