0 0.5917260169597636 0.27476736403800844 0.2608086648628266 0.3852592102257
0 0.4649244008986873 0.2850718441525061 0.1124355824314133 0.19231595941492108
0 0.18056524741492613 0.2511608997551187 0.3002857530441158 0.37190582223840873
0 0.30054381013232423 0.5161291550301245 0.19853232122152562 0.2531091834403387
0 0.6309651495215614 0.6470747865212986 0.13160017061270252 0.17860801542127547
0 0.5474360749660558 0.9071438928552599 0.158130719704317 0.1857122142894802
0 0.7249230883019754 0.8474350710172975 0.05452774545807202 0.09456820616851011
0 0.6824486748162746 0.8693822090045888 0.040975428488610174 0.10057274431795733
0 0.6483607172399293 0.8844344646866314 0.04531224212409235 0.07724433847375849
0 0.788506066800284 0.490222588874205 0.07506338606495574 0.1167704886359143
0 0.7066819819529747 0.4574998177708866 0.1011473960668953 0.16871481818121908
0 0.4403563828516619 0.7298076456946336 0.11240388939893542 0.13458528003177223
0 0.7746037081560735 0.6988708859521058 0.052869650608823274 0.07425570616851011
0 0.7259269631570433 0.6722032459362197 0.03765923879011233 0.05994774431795715
0 0.6936406216417742 0.6747691383877377 0.03089905575957417 0.05358865016215582
0 0.7987750475453107 0.8244709038090132 0.07066292848861036 0.10109094155801372
0 0.3851911664813249 0.9072235336819248 0.12136430121764637 0.14878414772652385