0 0.32929615813612684 0.32898702983664113 0.262229380455798 0.2440999127367947
0 0.6048200815581118 0.3386339993717802 0.1030215237259963 0.12053538273097572
0 0.45736410281265016 0.4517871878623301 0.12833985870696818 0.13038861485312836
0 0.32689930589213045 0.6356674645341692 0.22262305239490826 0.26578372303829684
0 0.13917912999868742 0.6070954096926788 0.24015806228074 0.31393418061464223
0 0.6405706032697607 0.06380038779228867 0.137744033611828 0.12760077558457733
0 0.7472569323564147 0.41009492694230654 0.06342051285158128 0.06591178454774696
0 0.6965632070709941 0.5318103013383325 0.07738485376405216 0.1028696506088231
0 0.7487942105310351 0.5440075413363928 0.053790844866803765 0.05889651000193972
0 0.6800680682494201 0.6656271919452161 0.09303902866891214 0.14308006242753385
0 0.6335167204168668 0.600448473158983 0.0779286818249421 0.07799719636645772
0 0.5993300628122127 0.6463507755845773 0.05309050790866543 0.04170901000193972
0 0.47140138098727064 0.5846794361953401 0.10388368676785795 0.10347542848861017
0 0.7698043888959359 0.5979457422447785 0.058032675893442943 0.04834164727484325