0 0.30359893528664905 0.6955035060752678 0.0776047817435865 0.03699405771188111
0 0.5155185948297742 0.6849827014434295 0.1748116684661948 0.06532244355406328
0 0.5929439325873567 0.616780827666965 0.09562107593472771 0.048531758437520445
0 0.7210572771934164 0.6313840194069297 0.13238737012586874 0.060724223591130055
0 0.8477157881910784 0.7090502063375711 0.17819677759440183 0.048298634661055925
0 0.7451478178600726 0.7436484064302382 0.15040366431700997 0.07226192431676956
0 0.9058960637108875 0.757053685919151 0.11257177759440182 0.04600695916315978
0 0.9881814258391257 0.8154242358264838 0.02363714832174857 0.06662699400955034
0 0.9417608635011063 0.6648041877332496 0.08432837842423879 0.04346231252120454
0 0.11303221225635077 0.6382018936467306 0.07722627344521675 0.05256449400955034
0 0.37484605063863313 0.6691617500848179 0.05681868506293446 0.030034729581580065
0 0.319921752298307 0.6641270205032381 0.05345688672260831 0.026800602176918174
0 0.3578468821724382 0.6093502404661711 0.06787458423309749 0.03197917549789579
0 0.44573704586474827 0.5867064033501954 0.07279888257342346 0.035267866604888454
0 0.9100452317528752 0.9241691978152324 0.1799095364942495 0.15166160436953505