0 0.15526348423743278 0.7048017142211143 0.1852590648703766 0.31363860271317884
0 0.5541197814267822 0.12756858575119912 0.23551043714643569 0.25513717150239823
0 0.33799848264794885 0.3827696206072342 0.22084663962811035 0.3999160641565158
0 0.4019395584140888 0.016710231339977392 0.09924588317182241 0.033420462679954785
0 0.2656578509887357 0.014615607650424217 0.08430929802252862 0.029231215300848434
0 0.23729291434650301 0.14345440160575795 0.11551501139996638 0.22828329117755652
0 0.1257819779563719 0.21437577575673644 0.09236173466476125 0.18635660703211537
0 0.23230013970498486 0.348322374307862 0.10792103268728984 0.23090764342930994
0 0.09970153510995293 0.6095881462070871 0.18640593765063887 0.44126295496493206
0 0.17879990118182582 0.87984248457918 0.0866473302056153 0.1268814774824662
0 0.05378664565706961 0.4657868838685859 0.10757329131413922 0.22672079117755645