0 0.7609375 0.72890625 0.165625 0.0765625
0 0.971875 0.56875 0.05 0.053125
0 0.9203125 0.63046875 0.1390625 0.04375
0 0.82109375 0.53828125 0.03125 0.0703125
0 0.77578125 0.55 0.0359375 0.0453125
0 0.953125 0.70703125 0.09375 0.0828125
0 0.96796875 0.78984375 0.0640625 0.0609375
0 0.48046875 0.48671875 0.0375 0.0453125
0 0.3296875 0.48125 0.0890625 0.1109375
0 0.4390625 0.3671875 0.065625 0.06875
0 0.39296875 0.44296875 0.0453125 0.040625
0 0.5625 0.4875 0.0890625 0.0859375
0 0.4640625 0.63203125 0.1625 0.2125
0 0.6046875 0.70546875 0.140625 0.171875
0 0.30859375 0.7921875 0.1375 0.25
0 0.475 0.825 0.1140625 0.1515625
0 0.59609375 0.56640625 0.078125 0.05
0 0.6015625 0.93828125 0.08125 0.115625
0 0.88046875 0.8828125 0.171875 0.1359375
0 0.73046875 0.64296875 0.059375 0.059375
0 0.88671875 0.56484375 0.059375 0.0578125
0 0.74296875 0.4875 0.0515625 0.06875
0 0.325 0.38671875 0.0421875 0.040625
0 0.38359375 0.371875 0.034375 0.0578125
0 0.17421875 0.76953125 0.06875 0.096875