0 0.3453125 0.6546875 0.184375 0.215625
0 0.6296875 0.64296875 0.1859375 0.2453125
0 0.47890625 0.5 0.0984375 0.0984375
0 0.590625 0.434375 0.1375 0.0859375
0 0.7453125 0.50703125 0.0859375 0.0984375
0 0.47421875 0.35703125 0.0890625 0.0703125
0 0.375 0.375 0.071875 0.0875
0 0.51796875 0.20234375 0.0890625 0.0484375
0 0.6265625 0.23671875 0.1140625 0.0546875
0 0.6453125 0.28984375 0.0375 0.028125
0 0.72265625 0.29921875 0.0671875 0.046875
0 0.6890625 0.34453125 0.040625 0.05625
0 0.72265625 0.21796875 0.0546875 0.0703125
0 0.59140625 0.16328125 0.08125 0.05625
0 0.44921875 0.1203125 0.06875 0.053125
0 0.5328125 0.11015625 0.0765625 0.0375
0 0.5953125 0.109375 0.0328125 0.04375
0 0.65234375 0.046875 0.0484375 0.0359375
0 0.3515625 0.0953125 0.0421875 0.0390625
0 0.54765625 0.92578125 0.19375 0.1484375
0 0.28984375 0.4296875 0.0875 0.1203125
0 0.5109375 0.06875 0.0421875 0.0390625
0 0.58828125 0.3359375 0.10625 0.0703125