0 0.5509708868815887 0.24761550859327613 0.4339902698088444 0.49388055338954284
0 0.6169406685534312 0.7924189312540036 0.11777904349765969 0.20752269334818116
0 0.7823521043327059 0.8811621632320502 0.24178954646340928 0.22302151869827114
0 0.4534392426599883 0.7505506992759571 0.05739068874502422 0.10530566534054522
0 0.46019196695682574 0.6285393392743663 0.05787084980971961 0.07876134667409058
0 0.8534140904553604 0.4191792365531871 0.146065869581383 0.17349313868554467
0 0.4708655287060931 0.5260228666056846 0.05796900889724856 0.042842028007635945
0 0.43151911619570404 0.9415211446133206 0.06899935079830274 0.08357611600890849
0 0.4025399289335546 0.8441557959500476 0.07193334980971962 0.07892497867599957
0 0.5212501196557451 0.9568910586012302 0.017662343878220455 0.05018181333545435
0 0.33091434935260905 0.4674665739576838 0.04763368676785786 0.09582157733927232
0 0.32238031326932315 0.2963910052912292 0.04772652866891205 0.13642839600572695
0 0.2635173078321157 0.2712824646324107 0.054804199619439144 0.15681362133990878
0 0.266744419999125 0.4080284866327288 0.05838018577927464 0.09126134667409058
0 0.17382474954288946 0.39113243531191005 0.03867518083635883 0.06760567067154533
0 0.14261851190017913 0.4501170839831371 0.02710101087441492 0.051853401336727244