0 0.703125 0.6 0.59375 0.45
0 0.7390625 0.3765625 0.178125 0.1484375
0 0.53515625 0.390625 0.090625 0.0640625
0 0.5078125 0.47421875 0.109375 0.0859375
0 0.44375 0.44140625 0.0875 0.0609375
0 0.325 0.4015625 0.2265625 0.1453125
0 0.1921875 0.43984375 0.040625 0.034375
0 0.16640625 0.41796875 0.0421875 0.0359375
0 0.14609375 0.5375 0.10625 0.1109375
0 0.06640625 0.51640625 0.075 0.090625
0 0.01953125 0.55 0.0390625 0.06875
0 0.3390625 0.571875 0.1921875 0.1375
0 0.24140625 0.5171875 0.0921875 0.084375
0 0.0421875 0.4375 0.046875 0.034375
0 0.115625 0.43125 0.0484375 0.0484375
0 0.54609375 0.3390625 0.0953125 0.0671875
0 0.975 0.3859375 0.05 0.0625
0 0.76171875 0.79609375 0.1765625 0.1546875
0 0.8828125 0.840625 0.1421875 0.1078125
0 0.2 0.6203125 0.0890625 0.0984375