0 0.8552209116717384 0.5920263525861105 0.2674709953084232 0.1887404173624308
0 0.7083237683604573 0.684652876521805 0.16208437278026225 0.13168902393569457
0 0.7314713272787492 0.8030573844055897 0.12297831411407198 0.08554006933854161
0 0.6150986562238568 0.560054226445555 0.20358345792955604 0.14513458130638898
0 0.747059214385844 0.4552550108304855 0.28811127723940827 0.193900696047778
0 0.352987150271772 0.3814798572388539 0.20722191015912914 0.17485844889756966
0 0.18983730422671488 0.2976348001524999 0.12996028763096837 0.11846167211208343
0 0.43140671723583557 0.5181609332269094 0.11236859604505725 0.08997299620027785
0 0.44918407912033465 0.5709586249062844 0.08249542574646931 0.06431837955902786
0 0.4759922335794805 0.6298062948341663 0.08394866510280767 0.06279224715020852
0 0.5668411087055313 0.6644702759324648 0.10022922896477801 0.0725309230620141
0 0.3302973213266644 0.627719730813958 0.07079310124083724 0.05312630642076392
0 0.2378802283837004 0.6713444038759719 0.06388753737886681 0.043605836056041625
0 0.17898619360272358 0.6124610195672915 0.1043704257464694 0.06482752583555573
0 0.05628103109780598 0.5362823389058333 0.043290814114071964 0.08368532218833344
0 0.08551542700697713 0.4283964505130903 0.09732275025210153 0.07558318787965276
0 0.19938653889147612 0.478957535334861 0.1105875747577337 0.08681162860909737
0 0.2754734275111802 0.5710891775273262 0.07569912252816069 0.05636040919430556
0 0.5141217562041863 0.24626578980017316 0.14813113342392406 0.13292421561506956
0 0.3676570295851967 0.09447539219246523 0.4571890591703934 0.18895078438493046
0 0.5347941611675353 0.452370319435451 0.11636768119435104 0.102545731382639
0 0.7973419817378951 0.8609958645539578 0.06388753737886681 0.043605836056041625
0 0.5088261489343897 0.7636357809664579 0.0586537341605581 0.03568423328249999