0 0.53125 0.72265625 0.0515625 0.115625
0 0.72734375 0.76875 0.0625 0.09375
0 0.65703125 0.6859375 0.0546875 0.0640625
0 0.72734375 0.6421875 0.05625 0.1
0 0.890625 0.4640625 0.1234375 0.16875
0 0.94375 0.66328125 0.1 0.1203125
0 0.83828125 0.75859375 0.05625 0.0578125
0 0.8015625 0.6859375 0.0515625 0.065625
0 0.5703125 0.896875 0.05 0.1109375
0 0.43984375 0.8078125 0.0515625 0.1
0 0.48828125 0.96953125 0.0296875 0.0484375
0 0.50234375 0.91875 0.0234375 0.0296875
0 0.4359375 0.92265625 0.01875 0.0421875
0 0.38359375 0.9671875 0.03125 0.0484375
0 0.3265625 0.80390625 0.034375 0.0484375
0 0.33359375 0.51484375 0.0296875 0.0859375
0 0.378125 0.47734375 0.0328125 0.0671875
0 0.5109375 0.45 0.0546875 0.10625
0 0.52109375 0.28671875 0.03125 0.040625
0 0.51953125 0.24140625 0.0328125 0.0328125
0 0.58359375 0.053125 0.0640625 0.0984375
0 0.5796875 0.2828125 0.0375 0.0578125
0 0.43359375 0.69453125 0.0484375 0.0703125
0 0.28515625 0.84609375 0.025 0.040625
0 0.26953125 0.778125 0.025 0.0421875
0 0.359375 0.8640625 0.046875 0.040625
0 0.5171875 0.1359375 0.0796875 0.0953125
0 0.7921875 0.171875 0.0640625 0.103125