0 0.5609375 0.80234375 0.4984375 0.228125
0 0.55703125 0.52890625 0.3921875 0.1515625
0 0.753125 0.40234375 0.3203125 0.0765625
0 0.5109375 0.36875 0.26875 0.053125
0 0.77421875 0.33359375 0.2546875 0.0390625
0 0.228125 0.43203125 0.2234375 0.0578125
0 0.2328125 0.37265625 0.1953125 0.040625
0 0.3796875 0.32734375 0.1234375 0.0484375
0 0.0546875 0.3828125 0.090625 0.0515625
0 0.1671875 0.33515625 0.128125 0.05
0 0.3578125 0.246875 0.184375 0.046875
0 0.25 0.2890625 0.146875 0.028125
0 0.5515625 0.27265625 0.1578125 0.0265625
0 0.62890625 0.30234375 0.15625 0.0203125
0 0.6515625 0.23515625 0.109375 0.025
0 0.79921875 0.23515625 0.1234375 0.025
0 0.7078125 0.215625 0.0671875 0.01875
0 0.6578125 0.19453125 0.0796875 0.0203125
0 0.53203125 0.18203125 0.06875 0.0203125
0 0.60234375 0.16328125 0.0546875 0.009375
0 0.7015625 0.1703125 0.059375 0.009375
0 0.38671875 0.19765625 0.0984375 0.0171875