0 0.7111981378763105 0.42703827764661406 0.17290221057599683 0.18156355172849495
0 0.6614400741536146 0.7386948431651625 0.1305692648307229 0.15533602084968248
0 0.20166405659241718 0.41451582640560813 0.18267718637549998 0.2505863363682311
0 0.34704875858420703 0.2883899324363875 0.11805108411256367 0.1518473079967011
0 0.2842391654946529 0.10268576464798337 0.27759880093507644 0.18617214687221456
0 0.6165789668225127 0.021458496701294717 0.1019079336450254 0.042916993402589435
0 0.7449721324153614 0.054117603194292443 0.0597295240041051 0.06266513605166188
0 0.837814138269094 0.16393522090355428 0.15536018657189174 0.12012594655564542
0 0.571649824546398 0.48188856518934403 0.05543290944452863 0.12971624373179386
0 0.47221745110802704 0.44805678595988435 0.13186814441741407 0.1100689849563052
0 0.3693378908031767 0.49324491699698125 0.08473861436318479 0.06495506175762475
0 0.39727251414335185 0.5940117951310844 0.1396897347764936 0.1118588054894186
0 0.3683713302037388 0.7300318631569154 0.13199540944452864 0.1319439849563052
0 0.2573333153730159 0.5816745826738143 0.09271474082661779 0.09330738229073816
0 0.5618082336963391 0.8048857959890142 0.07083974082661797 0.09267088479802084
0 0.5219195527817881 0.9326303627612038 0.10529655405833438 0.1077335951437199
0 0.7398110347296114 0.9130068698873398 0.10388859016268803 0.13425063103709717
0 0.8235360740554188 0.7988330581297151 0.1305783551898024 0.15689852084968264
0 0.6287952249157404 0.6341581073509276 0.03154998184962743 0.052471782132453626
0 0.7391741887131911 0.6692341378340286 0.028452252926866352 0.05706835391920819
0 0.7172294483775525 0.254958689166812 0.09610336123992677 0.1387108105039836
0 0.8877828428931626 0.2914093515449398 0.12243860226293606 0.10042120031656906