0 0.19921875 0.78828125 0.15625 0.196875
0 0.37109375 0.81484375 0.1578125 0.1859375
0 0.14453125 0.18203125 0.1125 0.1546875
0 0.19296875 0.384375 0.115625 0.121875
0 0.03125 0.18359375 0.0625 0.0671875
0 0.2765625 0.05546875 0.0828125 0.06875
0 0.32734375 0.36796875 0.175 0.2625
0 0.4328125 0.56171875 0.065625 0.0515625
0 0.4671875 0.65625 0.046875 0.053125
0 0.36015625 0.625 0.0890625 0.1015625
0 0.0515625 0.72734375 0.0796875 0.1421875
0 0.55234375 0.61015625 0.0921875 0.11875
0 0.43125 0.4015625 0.0453125 0.053125
0 0.21328125 0.6171875 0.071875 0.053125