0 0.4760962646072013 0.44382900517179563 0.16643529788867967 0.1435788337461151
0 0.8592364525150622 0.48980701530599013 0.2815270949698757 0.3883905277074778
0 0.44010381208884375 0.755913782260101 0.158416066556366 0.3102569114963739
0 0.29626230884243293 0.7125726588102869 0.2106331314911741 0.3501584735308674
0 0.35742058238467855 0.22964668879407624 0.16061376623205437 0.2572774607105857
0 0.6330373802700627 0.8344988928896335 0.2111398717519414 0.2003040227450789
0 0.1768621034879969 0.3224999305219086 0.10164786931630951 0.2779495256405632
0 0.432152764603906 0.9275169545098418 0.14851141233702042 0.10059081306795079
0 0.574064385955401 0.32276518031702084 0.26305692775829587 0.2230180847795724
0 0.7048471870937867 0.039679891337192845 0.2549523271096728 0.07935978267438569
0 0.7667050426070832 0.9220994385891885 0.21855117694751697 0.0882406703877141
0 0.13404949188232515 0.10947554569955505 0.061965986200282284 0.15120293507002258
0 0.29265251907142814 0.46097377150673396 0.21196598620028234 0.15818929735218495
0 0.1132302516215578 0.26056716480614295 0.06257391233702041 0.09658820967712849