0 0.3265870720092574 0.7260080585701416 0.08132177759440165 0.04628185775648745
0 0.5337241431701003 0.6971781309350933 0.18080155933798814 0.08573386137453216
0 0.6026857854917861 0.6214212143813214 0.10101897095570571 0.05976450361804453
0 0.72979273715146 0.6249700175243962 0.138022063487173 0.07571040818602892
0 0.8624761052027365 0.6918410142450359 0.1826241684661948 0.06871013568479185
0 0.7654244290628718 0.7357780427391669 0.15627515601864025 0.09067366689245623
0 0.9248702840418936 0.7347964761399665 0.11652557178554304 0.05902087516934209
0 0.9983372145314359 0.7845275604907057 0.0033255709371282196 0.07326043758467086
0 0.9502828359067046 0.6388598563976912 0.08804537427505395 0.05285940637700648
0 0.13281283860599694 0.6847268820667471 0.08250576929603186 0.06190685775648745
0 0.3933359415104264 0.6929332869734156 0.060417281743586584 0.0374048247398008
0 0.33888523985075236 0.6931922365438743 0.0553745842330974 0.03247166327441153
0 0.3702051722143945 0.6341381411118586 0.07147318091374952 0.039540534825709094
0 0.45431914047080796 0.6043078782215598 0.07639747925407558 0.042911196291098366
0 0.9235982462750224 0.9042702566702623 0.15280350744995524 0.19145948665947543