0 0.34921875 0.52578125 0.134375 0.121875
0 0.5046875 0.8875 0.2296875 0.225
0 0.7703125 0.734375 0.190625 0.1296875
0 0.83984375 0.52890625 0.2046875 0.10625
0 0.43671875 0.1734375 0.225 0.0828125
0 0.70390625 0.31875 0.1484375 0.0890625
0 0.29921875 0.21171875 0.0796875 0.0359375
0 0.33515625 0.2671875 0.0609375 0.03125
0 0.4328125 0.2953125 0.1 0.0328125
0 0.46875 0.37265625 0.065625 0.0421875
0 0.259375 0.12421875 0.0640625 0.040625
0 0.33125 0.07109375 0.040625 0.046875
0 0.3921875 0.10546875 0.0640625 0.025
0 0.5328125 0.4640625 0.1390625 0.1
0 0.5234375 0.546875 0.1125 0.0578125