0 0.6367825792780136 0.29786939894644837 0.20024073663405878 0.23295790041956285
0 0.35199805560049024 0.32644929791611876 0.20500383134415215 0.2613196987598889
0 0.49197206626500833 0.4605138767506315 0.10573333148532651 0.10601504689043359
0 0.37574085053646245 0.5331011170023692 0.14424979991529535 0.09960002614450918
0 0.22620285309671123 0.4697634352634271 0.09479583148532651 0.10518625269929238
0 0.4859433321911982 0.6040862779953869 0.09472023677523325 0.07717965186945541
0 0.5861176374387526 0.5801616806900349 0.07862479991529536 0.09462726099766208
0 0.4301043139165211 0.7615445031002777 0.09353716837349921 0.056867151869455415
0 0.3244304375658095 0.7329952958415265 0.11890118942018653 0.0650115385920639
0 0.3095558664626524 0.681231886298401 0.03913809471009326 0.03096658008391273
0 0.2336304032943553 0.6760959456363892 0.07157116311182729 0.053647063487172984
0 0.27059905325200295 0.6289599138928027 0.045463689420186526 0.059446777594401645
0 0.22733562968741916 0.7574643448065522 0.060527247298576906 0.07769987012586874
0 0.35370143763639667 0.8046684636830213 0.08617969468185845 0.06408765601864026
0 0.49324978504791306 0.8392066391981862 0.07349768415851479 0.06001546265733602
0 0.4083742561087179 0.8541939443869895 0.07883763154179632 0.044864059337988135
0 0.34587425610871786 0.8589299111935105 0.035360647326811726 0.04623638257342364
0 0.2844670482726799 0.9250294304895423 0.04905912628012441 0.04105197510489091
0 0.5885776955994917 0.8584283906480789 0.042900131541796324 0.04214087842423879
0 0.45505225007058714 0.06054364584617074 0.20552049985882573 0.12108729169234148
0 0.6751493163355955 0.5205247263310686 0.0961609104104042 0.12862375269929238
0 0.42701086404357796 0.8947830555897888 0.04290013154179615 0.04214087842423879
0 0.370007519051136 0.6315386170023694 0.11199874203690507 0.08004454274124875