0 0.79921875 0.32734375 0.3734375 0.58125
0 0.5109375 0.446875 0.0484375 0.13125
0 0.578125 0.54296875 0.1015625 0.2015625
0 0.35546875 0.5859375 0.075 0.134375
0 0.36484375 0.7234375 0.0703125 0.125
0 0.43125 0.65546875 0.0640625 0.096875
0 0.39453125 0.62265625 0.0234375 0.053125
0 0.440625 0.55234375 0.0453125 0.0453125
0 0.490625 0.6796875 0.059375 0.103125
0 0.46875 0.609375 0.0484375 0.1125
0 0.27890625 0.65703125 0.0578125 0.09375
0 0.475 0.75703125 0.0515625 0.0515625
0 0.59375 0.20703125 0.04375 0.0640625