0 0.6718019931170989 0.3663224959929793 0.3760955622807399 0.29743055366555093
0 0.2903570390490354 0.1868016049934108 0.4606270711779885 0.3400998426967706
0 0.2578747332684481 0.712269237605164 0.12148768083635889 0.06787836729005096
0 0.3684236196185641 0.5691964693565955 0.40358920950527094 0.20542486084714326
0 0.5634071502646425 0.7156089028052293 0.24801568874502422 0.10610559601642038
0 0.43960884741262374 0.859385653001621 0.28264535672980173 0.112555583916172
0 0.7147414985914874 0.7875662369177929 0.19013952174882984 0.1042067527304745
0 0.946819239162766 0.7304269443705318 0.10636152167446795 0.07578177088084707
0 0.7360249550938276 0.5814889537403056 0.1600063527754692 0.09309653590796181
0 0.9024856018240669 0.487948552879984 0.1762335306460784 0.1463033491396784
0 0.7260969263877345 0.05030713143340282 0.330318852775469 0.09408738504764011
0 0.879627786083286 0.1761707155459665 0.13905186562705013 0.15389768052176747
0 0.6944873484012068 0.8655548815315987 0.13169035178688587 0.08824540944452863
0 0.884218351861248 0.8830610649802324 0.20493685079830257 0.08398515632127079
0 0.6631046972223433 0.9387923936318471 0.1719333498097196 0.0791067587805987
0 0.3020160055115696 0.8179697917616944 0.273143022737413 0.10937604176169416
0 0.2776592871462311 0.9668516775949012 0.17305018083635879 0.06629664481019759
0 0.03925874855430629 0.38841760538619424 0.05152269072219058 0.11433521077238851
0 0.16897276486592866 0.46649767447164325 0.21392453163466155 0.15120901775758924
0 0.09295538741306125 0.6519488402608837 0.10601918973360742 0.10996587334017516
0 0.3931291423559771 0.6771271440246306 0.09910334486680376 0.05525110226293641
0 0.33224999216569673 0.7548794393023662 0.1446068458553869 0.06020222267624522
0 0.7750648918616856 0.6770059868195971 0.12155134783255335 0.06944086729005097
0 0.9362186494860241 0.6709564956001958 0.12756270102795178 0.077371541958086
0 0.4652547876405227 0.9697317587805987 0.17910917984777566 0.06053648243880261