0 0.6001278707273469 0.746024878052917 0.1902753381817897 0.3163783888718056
0 0.47587138669938644 0.8782742853620544 0.10954371120744355 0.17396165990702742
0 0.40201948960381595 0.888878285614156 0.08371491701630233 0.16127598960843983
0 0.4903044300653351 0.6775476656838852 0.09247461037760658 0.17432229282674855
0 0.6366745576643811 0.43806491258179214 0.12150018216314944 0.22919546312533612
0 0.822155652069948 0.13413311439477554 0.18203586307689895 0.2682662287895511
0 0.6998886431468784 0.21916209327194017 0.10532980788809568 0.17988387797604233
0 0.6254797163823136 0.26788345255854906 0.08444862282516112 0.15044775025210155
0 0.5896937365035382 0.40171750317896776 0.0648931394219007 0.11799588317182241
0 0.4599568470816374 0.5242477030627521 0.1068223755244535 0.2406028566887189
0 0.6786433730256538 0.09764091644018999 0.09687869046151931 0.19528183288037998
0 0.5599498047645961 0.2507066602360037 0.07412642946385706 0.13729218639013113
0 0.6257784821538607 0.1101091573860121 0.056015046890433594 0.10338707995351379
0 0.6721700753100277 0.010485123865543042 0.03264747925407559 0.020970247731086085
0 0.4930331466713634 0.33387407533881136 0.05708063942190087 0.1174495799535138
0 0.3587081201026469 0.8553827246021772 0.04557445435896632 0.08866901609154354
0 0.39864880371568884 0.7282521420507734 0.03707487012586883 0.05854447351689647
0 0.7395428003916965 0.8854812259395594 0.2056365385920639 0.12939184110137844
0 0.532228469081606 0.1858136337529001 0.05909342531467203 0.14401207995351378
0 0.49889482820981285 0.20524097694796573 0.04735044191141178 0.11210651609154336
0 0.4746742329790532 0.30951321370641394 0.0341866684661948 0.061450952229573017
0 0.4525955555897886 0.447051418533877 0.0482258576783142 0.08263753737886681
0 0.43520806866204315 0.3791044478669721 0.04498245850815117 0.08085651609154336
0 0.4722722060093515 0.2591690062810609 0.017259277594401646 0.0431708457929556
0 0.5538666707412799 0.18740898474163586 0.04988344606059662 0.10451253737886682
0 0.5825379676317135 0.08593396605220242 0.034778664317009954 0.06926345222957297
0 0.5231862784195942 0.11028910986768663 0.020621075934727708 0.04651436708027905
0 0.4202081854639198 0.5052681101197882 0.02781826929603177 0.059451409654926124
0 0.41106906118886605 0.5540880223726041 0.02457487012586874 0.0576703883676025
0 0.41195613234970885 0.5936586207634499 0.02601897095570589 0.05621714901126431
0 0.4345783387832677 0.5104801340050017 0.028907172615379652 0.053310670298587756
0 0.504559874676039 0.4791647960057162 0.05239313942190087 0.11712179802252862
0 0.5488794823543532 0.39680041023600376 0.04315984937994451 0.09782549480421991
0 0.5110018966713634 0.33261757793670144 0.02769987012586874 0.05788890965492603
0 0.4285427489510928 0.4362995888324647 0.0256637734452168 0.05152964901126431
0 0.3834391234266392 0.6725866500965451 0.021946777594401647 0.04349862772394068