0 0.4796875 0.26875 0.51875 0.5375
0 0.65390625 0.76953125 0.15625 0.2265625
0 0.8328125 0.81875 0.2796875 0.2703125
0 0.48671875 0.76640625 0.0765625 0.1140625
0 0.46875 0.6453125 0.0703125 0.0890625
0 0.80859375 0.35 0.175 0.2
0 0.45859375 0.54296875 0.0640625 0.053125
0 0.503125 0.9546875 0.084375 0.090625
0 0.45625 0.8703125 0.0859375 0.0921875
0 0.59453125 0.953125 0.0265625 0.0515625
0 0.31015625 0.5171875 0.065625 0.103125
0 0.2671875 0.3515625 0.0734375 0.140625
0 0.20546875 0.340625 0.0828125 0.1625
0 0.2359375 0.47421875 0.0734375 0.1015625
0 0.1421875 0.47890625 0.05 0.075
0 0.1234375 0.54375 0.0375 0.05625