0 0.7609375 0.7717900665367351 0.184375 0.15351775595208467
0 0.80234375 0.599363409479699 0.1734375 0.15587793144645268
0 0.15234375 0.8159095872429809 0.1484375 0.11037976114786474
0 0.3578125 0.7710730626014627 0.1125 0.11411676634364483
0 0.14453125 0.9312996404612897 0.0625 0.06843292574646967
0 0.0375 0.6809714945521184 0.0640625 0.08260468639013112
0 0.353125 0.6354633445324479 0.2484375 0.17049744234221578
0 0.55546875 0.5338140911782532 0.046875 0.06577781930985208
0 0.653125 0.5004228009493947 0.05 0.04568384059717552
0 0.6125 0.6071698276845998 0.0953125 0.08791489926336596
0 0.6875 0.9183315667888365 0.1375 0.07680243664223241
0 0.6140625 0.4148730670409382 0.1125 0.09067926634364483
0 0.39609375 0.5324586768317502 0.0515625 0.04423060124083733
0 0.59140625 0.7547385963740332 0.0484375 0.0721370799535137