0 0.19453125 0.46015625 0.2625 0.5109375
0 0.4671875 0.4453125 0.178125 0.403125
0 0.5796875 0.240625 0.096875 0.325
0 0.63046875 0.4796875 0.071875 0.271875
0 0.646875 0.21484375 0.0578125 0.2546875
0 0.58671875 0.76640625 0.071875 0.2265625
0 0.6453125 0.7578125 0.0546875 0.196875
0 0.68046875 0.6078125 0.05625 0.125
0 0.64765625 0.9359375 0.05625 0.09375
0 0.6875 0.8203125 0.059375 0.13125
0 0.7625 0.62421875 0.059375 0.1875
0 0.728125 0.734375 0.0375 0.146875
0 0.7234375 0.4328125 0.0359375 0.159375
0 0.68828125 0.3578125 0.0296875 0.1578125
0 0.75390625 0.33046875 0.0328125 0.1109375
0 0.74296875 0.1828125 0.0328125 0.125
0 0.76953125 0.27265625 0.0234375 0.0703125
0 0.79375 0.32109375 0.0265625 0.08125
0 0.81484375 0.44609375 0.0234375 0.0703125
0 0.82890625 0.37421875 0.0125 0.053125
0 0.81484375 0.27578125 0.0140625 0.059375
0 0.809375 0.5921875 0.025 0.1