0 0.7609375 0.825 0.184375 0.140625
0 0.80234375 0.65546875 0.1734375 0.14375
0 0.15234375 0.8265625 0.1484375 0.1
0 0.3578125 0.79609375 0.1125 0.10625
0 0.14453125 0.94140625 0.0625 0.0640625
0 0.0375 0.68359375 0.0640625 0.078125
0 0.353125 0.66015625 0.2484375 0.153125
0 0.55546875 0.57265625 0.046875 0.0625
0 0.653125 0.54609375 0.05 0.0421875
0 0.6125 0.65 0.0953125 0.08125
0 0.6875 0.96640625 0.1375 0.0671875
0 0.6140625 0.4578125 0.1125 0.0828125
0 0.39609375 0.56015625 0.0515625 0.040625
0 0.59140625 0.79609375 0.0484375 0.06875