0 0.8179206217994761 0.5865490873780678 0.14709033278320477 0.13216519566510634
0 0.9359700369416786 0.45870397718822487 0.10442923610255264 0.12419618676785796
0 0.6370491300978458 0.5782457919404228 0.0775581601678251 0.0779286818249421
0 0.6923780153705617 0.6982426155526882 0.056890462657336015 0.07241351087441501
0 0.8501359288623791 0.9496393363894846 0.13252908008391273 0.042784360684134624
0 0.9459891900605338 0.7357121461615856 0.10577824855010753 0.1008860207602467
0 0.7172191143262988 0.41589568916495373 0.12131000539858476 0.18251802273741297
0 0.6171356813379567 0.3878436264271031 0.0669991684661948 0.061921679847775656
0 0.6758459852773603 0.28357527908884156 0.06830155933798814 0.07910917984777566
0 0.5402529500092887 0.3557115587463368 0.03757177759440165 0.043588173916276673
0 0.7406897352773603 0.2809330987467743 0.08967965186945541 0.09399935079830275
0 0.5348596680652096 0.6051358971873498 0.06411096680652087 0.0649193458553869
0 0.557557926564072 0.3048520542977125 0.057884277594401644 0.04441584486680368