0 0.534375 0.46796875 0.1359375 0.1640625
0 0.4703125 0.85625 0.375 0.2875
0 0.22421875 0.4265625 0.303125 0.153125
0 0.27421875 0.28359375 0.340625 0.2046875
0 0.75390625 0.353125 0.25 0.15625
0 0.13671875 0.61796875 0.190625 0.2078125
0 0.66953125 0.17109375 0.2734375 0.096875
0 0.053125 0.415625 0.09375 0.146875
0 0.65078125 0.56796875 0.2109375 0.259375
0 0.94609375 0.70390625 0.1046875 0.253125
0 0.04296875 0.75 0.078125 0.2171875
0 0.884375 0.13203125 0.1484375 0.059375
0 0.52578125 0.284375 0.1484375 0.209375
0 0.734375 0.10859375 0.09375 0.0609375