0 0.27719139803468024 0.25068224391421534 0.10180104670590726 0.29078073295387136
0 0.35265338001272667 0.09091355194916464 0.05530676002545336 0.1818271038983293
0 0.4251641793443631 0.07730699655171822 0.03624767735518084 0.15461399310343643
0 0.4081964973742709 0.294498653411862 0.04253404002227157 0.1647716120127088
0 0.3416288047421784 0.5503998258951521 0.057196524029271424 0.21657957386326193
0 0.25790143145285815 0.8761458940763711 0.11059424403245303 0.24094437418757336
0 0.3512236227720861 0.7705895949698756 0.05348972135581711 0.16652502678536116
0 0.4083452320973592 0.710205474028713 0.042243138685544676 0.13977161201270896
0 0.4005316374124509 0.5759395681845143 0.03252269334818116 0.10992047077900687
0 0.4887481580601336 0.43452758969486976 0.03708401869827131 0.23341251785690745
0 0.41513267612185806 0.890592403411862 0.03519425469445316 0.20526024431795697
0 0.47949352609799545 0.7136520280064725 0.03588405068427196 0.13028751785690745
0 0.4601088214512673 0.860895220782302 0.02612724267981754 0.09731137662320535
0 0.4504803774665393 0.9735861355549545 0.020712489337999785 0.0347295560063543
0 0.5182827587523597 0.6223315527632388 0.023184056015271893 0.11288182954530476
0 0.4801698526814084 0.1002344103117208 0.01974997334499946 0.0862647824674041
0 0.4824419720321349 0.22834577354224567 0.020948846674090582 0.05504205600635448
0 0.0792613333465903 0.096292573052483 0.15839539735836247 0.187102353895034
0 0.527822485439177 0.7706326850684871 0.017261320019090042 0.14089773538950343
0 0.5548753341024499 0.7451553981368562 0.013790874681726706 0.11115568831160268
0 0.5442912754216778 0.6414127893705582 0.017842028007635947 0.05655000892845372
0 0.5208435900699968 0.506638368915863 0.027453385343726745 0.07702615016215582
0 0.5606242527450418 0.5676752804421045 0.02274770401018138 0.07538182954530477
0 0.5635958060948137 0.6887417569031541 0.0051783960057271376 0.04226932061685105
0 0.505974757439495 0.7733582646137919 0.01993178668045381 0.10188978246740418
0 0.511062794119949 0.874852580766416 0.014826116008908662 0.06587046185055315
0 0.5614531454487219 0.8403724407505301 0.006777258672817865 0.04542159415580116
0 0.5341879273949517 0.44467415706530994 0.011610209341181487 0.05800341477265238
0 0.5273743060550429 0.39634575122111126 0.008467028007635945 0.056386367694751804
0 0.5128754540499523 0.3590912130716643 0.010011346674090583 0.05485114123370209
0 0.5177544053946335 0.4426167792242885 0.013081802673454134 0.05021818831160267
0 0.4588703014003606 0.48584067370440137 0.018514737348817433 0.11436250892845372
0 0.4419106154121327 0.5728730694023303 0.013609061346272178 0.09553068831160268
0 0.5011407120862232 0.6265378116916926 0.010029528007635947 0.05641364123370209
0 0.5482600654041786 0.512411081984232 0.01150112133990877 0.04862841477265238
0 0.5158453653723619 0.2785542792242885 0.009847714672181596 0.04078864123370209