0 0.29766627303512677 0.765669459007884 0.08234625244707079 0.1669614034085667
0 0.4651886228497923 0.976969423294069 0.05487103847458741 0.04606115341186197
0 0.4016692706728741 0.9267626919617553 0.04860616950744614 0.13982615909060953
0 0.4903919755748648 0.8291530807598255 0.07140377404661713 0.03247730925276535
0 0.47709087820726986 0.7836360292176978 0.04656746515360979 0.03672843262956001
0 0.326252608421822 0.9553205198855024 0.08608632213985139 0.08935896022899534
0 0.2439584635939652 0.9695369784896446 0.06317461179556502 0.06092604302071081
0 0.5300595884667382 0.4894281075451866 0.04662202885594056 0.03829093262956
0 0.5302629411918106 0.33874231493151286 0.11404763103285873 0.09099892126547413
0 0.6481449003549705 0.4501082832748876 0.07104167549789597 0.06682503571381489
0 0.5707540211362103 0.4026917666357962 0.04220734736759475 0.046021612012708955
0 0.5321429328391082 0.5714457207757115 0.08904763103285873 0.09056254464226861
0 0.38417416959226414 0.47048541842280506 0.21817462504240898 0.16620920129724617
0 0.3156474028020412 0.6098285620921391 0.17678573320977709 0.14362508928453738
0 0.21858883121034403 0.3122211306803952 0.2548016058051153 0.14186376623205438
0 0.1915873655085802 0.47805463636243817 0.1555456502701525 0.11670803327818291
0 0.45440980243922147 0.6036621570587194 0.05272818511654265 0.07899775324641087
0 0.08272577539737949 0.6026398047885384 0.11846231252120451 0.08326824188232518
0 0.14793414626343726 0.8825142654212754 0.14193950725639418 0.17424779788867967
0 0.3825397808396751 0.7367007536501526 0.06144842068857255 0.06041139448011297
0 0.46612115107276064 0.8943144305976697 0.05988592068857255 0.060384120941162675
0 0.538445040458322 0.7519144707757116 0.07055060217691818 0.05276253571381488
0 0.624630500084818 0.3357048640380084 0.04209821996293321 0.04289661201270887
0 0.6415203889222252 0.3945577126580367 0.05901290145127884 0.0353841209411625
0 0.2365526028098904 0.17824159699517517 0.09927580290255769 0.07044095941492108