0 0.2140625 0.3125 0.1421875 0.1265625
0 0.25546875 0.42578125 0.08125 0.0828125
0 0.20390625 0.6953125 0.0828125 0.1078125
0 0.12578125 0.7859375 0.0796875 0.0765625
0 0.365625 0.66484375 0.0640625 0.090625
0 0.38203125 0.55 0.0578125 0.0765625
0 0.51171875 0.42890625 0.053125 0.06875
0 0.43125 0.246875 0.1453125 0.1453125
0 0.575 0.2171875 0.0578125 0.053125
0 0.52890625 0.321875 0.0640625 0.06875
0 0.60234375 0.3421875 0.0703125 0.14375
0 0.2734375 0.82890625 0.0734375 0.0828125
0 0.23046875 0.521875 0.0890625 0.075
0 0.421875 0.428125 0.0875 0.0828125