0 0.3703125 0.6971682032668891 0.228125 0.12243141424880086
0 0.503125 0.9669580170404213 0.1671875 0.06608396591915736
0 0.503125 0.8377104649870815 0.1875 0.1979530459579184
0 0.27109375 0.9603412268641571 0.103125 0.05817105027685514
0 0.2640625 0.9005156438907352 0.1421875 0.059111789018088244
0 0.5640625 0.594740517423405 0.1515625 0.1581500663159842
0 0.58515625 0.6999985163436708 0.1609375 0.10562584361388012
0 0.67109375 0.8922243915743835 0.0953125 0.06548290252860837
0 0.56328125 0.30094045264858027 0.1953125 0.12501619370616518
0 0.8734375 0.5270661682539706 0.1984375 0.10334145280546388
0 0.93046875 0.6893146468161707 0.1390625 0.06359902991878955
0 0.94375 0.77922824798819 0.1125 0.09470932757475126
0 0.74375 0.771880415633077 0.0671875 0.060555570634920744
0 0.11484375 0.7893907718992251 0.103125 0.11910855027685514
0 0.14296875 0.6263493537929129 0.1484375 0.12826230721668566
0 0.37421875 0.2146060271410124 0.33125 0.1337274645256561
0 0.259375 0.11662150524178731 0.3171875 0.15626379857881217
0 0.8921875 0.16420522284976236 0.140625 0.11526165946843889
0 0.8203125 0.3885055135658936 0.240625 0.1107324506459955
0 0.91796875 0.4611698604189762 0.1359375 0.09621127081949084
0 0.66171875 0.4681861142764875 0.1875 0.08232804595791858
0 0.53515625 0.40460687075489243 0.2515625 0.0614333574935408
0 0.85390625 0.279720798883354 0.190625 0.0934658050572171
0 0.625 0.12755181985972847 0.11875 0.0638598457733484
0 0.69140625 0.9997634747046888 0.1296875 0.0004730505906223925
0 0.06875 0.6715932001845701 0.1375 0.6041239003691402