0 0.90242459342111 0.36559596319426096 0.13063187056996634 0.18736188190398123
0 0.7905785094287212 0.3722450873225478 0.1083112015966055 0.17451056738935158
0 0.6798506205699663 0.1177127036751402 0.09782468775644108 0.10820206220555537
0 0.3356867850947027 0.13763068176217658 0.18946304250907656 0.21741982026407372
0 0.5102901956651065 0.09334556512676022 0.09300985376405216 0.10466695909527761
0 0.5050057653602202 0.42545472756787134 0.21149455140632512 0.26138443374194403
0 0.6141618839530201 0.5836883096601401 0.13723469764227278 0.15835788708777762
0 0.9707541462731288 0.5551964139481963 0.058491707453742235 0.09162015494824054
0 0.3456174723940332 0.6314879885011118 0.1463550296574952 0.15292809330833315
0 0.18960230536065775 0.24684773129106516 0.08226335475263542 0.10839755183796278
0 0.05647412897292322 0.21223686837884265 0.10187020060802235 0.16927626324231468
0 0.9409538997331699 0.2336433341650018 0.0939011917107738 0.1265419590952776
0 0.9892720415204934 0.328214248915187 0.021455916959013166 0.043905824882222076