0 0.48828125 0.73515625 0.1203125 0.1046875
0 0.31640625 0.76171875 0.1359375 0.1640625
0 0.21875 0.596875 0.115625 0.0859375
0 0.1796875 0.46484375 0.0984375 0.084375
0 0.0953125 0.3046875 0.1484375 0.128125
0 0.3765625 0.59921875 0.0484375 0.0640625
0 0.23984375 0.18828125 0.0828125 0.0703125
0 0.1984375 0.09453125 0.053125 0.0484375
0 0.446875 0.58203125 0.0546875 0.0609375
0 0.409375 0.95546875 0.140625 0.0890625
0 0.04296875 0.16640625 0.078125 0.08125
0 0.71875 0.92890625 0.0984375 0.0609375
0 0.6796875 0.8484375 0.1046875 0.06875
0 0.41484375 0.521875 0.053125 0.025
0 0.38359375 0.45 0.1640625 0.11875
0 0.328125 0.065625 0.09375 0.046875