0 0.8115816046441241 0.8374960392849051 0.20142141066226812 0.16541960049533805
0 0.8331430529156292 0.6668582076057047 0.19052937476889084 0.16647267824559703
0 0.20692284837591793 0.8639469917278324 0.15796091567683304 0.11970468610347992
0 0.40785721107061484 0.8249338033480409 0.12523934389007838 0.12130141935425698
0 0.21178149610606228 0.9722431811410811 0.06900606426490725 0.055513637717837835
0 0.07651863136630135 0.7260209985522579 0.0711595976510021 0.08601458271265763
0 0.38754104790106425 0.6897946699734294 0.2675919799417402 0.18722613399378396
0 0.5782222207040333 0.5933499712545557 0.05347199247815269 0.06802656203449331
0 0.6717532603583343 0.56337783498446 0.05448892319868044 0.04934933664159917
0 0.643617551661988 0.668953592842343 0.10415395407749273 0.09379284946188057
0 0.7549404627199674 0.96957954249223 0.1445061694377568 0.06084091501553992
0 0.6231817165473982 0.47607473407483736 0.12143238229073816 0.09771837014004525
0 0.41811143481065594 0.5874530740262054 0.05444345909205772 0.047786836641599176
0 0.64007867768452 0.8154647198068137 0.0552163489046432 0.074349336641599