0 0.4734375 0.5296875 0.271875 0.153125
0 0.48359375 0.8140625 0.196875 0.19375
0 0.66171875 0.759375 0.2828125 0.1890625
0 0.7390625 0.70078125 0.20625 0.1203125
0 0.59921875 0.6609375 0.0984375 0.0578125
0 0.415625 0.5953125 0.184375 0.10625
0 0.553125 0.96328125 0.18125 0.0734375
0 0.1078125 0.50546875 0.215625 0.1765625
0 0.28671875 0.446875 0.175 0.121875
0 0.428125 0.3453125 0.090625 0.06875
0 0.5625 0.4453125 0.0953125 0.0765625
0 0.68671875 0.43828125 0.08125 0.0671875
0 0.7453125 0.565625 0.1265625 0.1140625
0 0.740625 0.36484375 0.1328125 0.1078125
0 0.34296875 0.25390625 0.0921875 0.06875
0 0.15 0.2796875 0.125 0.103125
0 0.2125 0.22265625 0.0984375 0.0734375
0 0.07890625 0.33203125 0.10625 0.096875