0 0.3597527707826512 0.20965276246990533 0.6257555415653024 0.4165776785424498
0 0.4589589270057261 0.4789005191338228 0.17410109621281206 0.11910901583511765
0 0.5477714421310366 0.43852322321131576 0.18338519262201594 0.10375680047485361
0 0.6757606076256895 0.5531660479010642 0.11291815651766228 0.07514841567683313
0 0.5701923845566608 0.6672619886507218 0.12227497579950324 0.07229620031656907
0 0.7108901074292977 0.6838537582467632 0.14752041549465283 0.115211126022532
0 0.547790143730043 0.5760004911580043 0.0958488311856975 0.0949608105039836
0 0.6153367129136879 0.6396741977427796 0.10346134328594588 0.060813131037096825
0 0.6487622912707149 0.6117454260351674 0.12693520472226433 0.06774509263643722
0 0.5625980531745716 0.7045346681176085 0.08626475292686617 0.05875052586424747
0 0.6425946253832786 0.7599783375553653 0.058085210772388506 0.0485571719450391
0 0.5917406525106417 0.7460007540901281 0.05181703005422929 0.04525031551854841
0 0.8035754936552882 0.23506456875074674 0.16511698165323557 0.18602373119538154
0 0.7151771107489474 0.48088788261994253 0.08325792759490121 0.07897209765100222
0 0.7602492371141846 0.5751523596586889 0.05347043364502539 0.06092077962517113