0 0.25390625 0.7453125 0.1828125 0.2234375
0 0.55078125 0.56640625 0.1421875 0.1484375
0 0.8734375 0.36171875 0.1359375 0.14375
0 0.77421875 0.48828125 0.1265625 0.1390625
0 0.57734375 0.415625 0.1375 0.1171875
0 0.37421875 0.34765625 0.184375 0.2140625
0 0.4734375 0.1703125 0.2640625 0.15625
0 0.63828125 0.328125 0.1234375 0.14375
0 0.2296875 0.55703125 0.20625 0.1921875
0 0.18359375 0.05234375 0.2328125 0.1046875
0 0.0609375 0.71640625 0.121875 0.1984375
0 0.64765625 0.8875 0.15 0.1125
0 0.86796875 0.47578125 0.0734375 0.096875