0 0.7341493769413256 0.5888847069966172 0.21112110470880693 0.5578756281890478
0 0.5685367898253497 0.6649535151720875 0.05888890507947586 0.12477660151720862
0 0.6018998721320021 0.571857090476499 0.03768353847458741 0.05293355242559432
0 0.9478473223094873 0.8190019970043758 0.10389387023308565 0.16428538273097573
0 0.8301290873704298 0.950094369938687 0.06582838584218216 0.09981126012262606
0 0.7889931666818573 0.8878322610892013 0.05171132213985139 0.09770391848667045
0 0.7241245246795893 0.21257729851188625 0.08695934137714509 0.12550992515463033
0 0.61350202712666 0.36870013956811337 0.05456350362819702 0.09014651000193971
0 0.5764013974445635 0.8455498109297219 0.060922631032858734 0.09378169303247788
0 0.6285938692215952 0.9347237522952099 0.06615576805616748 0.10978933030538159
0 0.5223512374709463 0.39086243986767577 0.044588302902557685 0.07219373545613247
0 0.5749851641499686 0.38113649562725 0.03457838584218216 0.0978634151526907
0 0.6323140915467811 0.8181739810833826 0.034613102176918174 0.054240960910325244