0 0.60234375 0.64296875 0.053125 0.1203125
0 0.553125 0.64296875 0.06875 0.1421875
0 0.20703125 0.5765625 0.19375 0.2828125
0 0.571875 0.45390625 0.04375 0.084375
0 0.39375 0.325 0.059375 0.078125
0 0.3078125 0.73828125 0.0640625 0.11875
0 0.4046875 0.69453125 0.05625 0.1390625
0 0.40703125 0.0515625 0.0671875 0.0921875
0 0.57578125 0.45703125 0.0546875 0.0828125
0 0.5859375 0.2203125 0.0515625 0.1921875
0 0.48515625 0.134375 0.0375 0.06875
0 0.5046875 0.06953125 0.034375 0.053125
0 0.72734375 0.41015625 0.046875 0.09375
0 0.7953125 0.47734375 0.04375 0.090625