0 0.4433748435571524 0.4391116491645162 0.20677390871793264 0.17976970752810448
0 0.7779363298601979 0.5874775760093613 0.38303336847548375 0.45019890714754374
0 0.30115849707699305 0.7330765078714844 0.2517815232447241 0.3420442144481868
0 0.18267045143595934 0.6522323675670357 0.3165077966899409 0.3945272272997681
0 0.4078204649324212 0.1991206605332227 0.23693685062934441 0.29003604547482603
0 0.45437581761313606 0.8592358067691706 0.2696775730349426 0.24931288638729682
0 0.20755943318883469 0.24154953555181322 0.18584794730999638 0.2941850346004111
0 0.23415748338003853 0.897804852738288 0.17533373195336796 0.1348737015966055
0 0.5765084975012004 0.3472358724727705 0.32505215726804015 0.2811650642579063
0 0.8032648647272842 0.08876816197891643 0.2844253120372805 0.17670305733782413
0 0.5499116153287622 0.9449093685184377 0.2326241684661948 0.06867038144438098
0 0.24026887987413112 0.05223897923975333 0.10383724025173775 0.10447795847950667
0 0.26664732281122805 0.4073708537268712 0.255424896270378 0.20511721741393635
0 0.16972939169698584 0.1652072114452562 0.09086364357108563 0.10962435079830275