0 0.45144207501895295 0.7176095729930229 0.09675063103709683 0.10968063861970415
0 0.13195394061664367 0.8221485155873403 0.14139319279472176 0.19700567599857094
0 0.371340701041485 0.8703846477507564 0.11292120031656908 0.1295232450563212
0 0.5287163141984003 0.49457662855712003 0.13547816191590947 0.1544903940675857
0 0.36259120902555075 0.4889707567852639 0.07326766693047429 0.10647922896477802
0 0.4329635449980703 0.5130149081423168 0.035284282132453625 0.0336537341605581
0 0.8101025661121156 0.6412613323761769 0.3797948677757688 0.3002063576971251
0 0.6612813909332129 0.9072573089951664 0.1356312746106063 0.10616215471124732
0 0.5094173625616829 0.853683830786693 0.09550637978345584 0.12050887797604233
0 0.34230275573948077 0.7064531877275135 0.09894962852981451 0.13166489926336594
0 0.6739175024407755 0.39987649773108613 0.12610316191590948 0.15383483020561534
0 0.2320950299543756 0.6585780524620041 0.0583246285298145 0.12882412252816078
0 0.2280082381885035 0.8678819966458053 0.09360891066226813 0.1624778566887187
0 0.15343516937124974 0.5380413133577673 0.07308581050398355 0.10022922896477801
0 0.060826749866985996 0.9335883961612726 0.05216555674305985 0.13151207995351372
0 0.46954458801758364 0.29047899044161907 0.09759772868809904 0.19238387797604234