0 0.415625 0.90546875 0.1796875 0.1265625
0 0.14453125 0.9640625 0.1265625 0.071875
0 0.8015625 0.4078125 0.3765625 0.1328125
0 0.54453125 0.43671875 0.259375 0.1453125
0 0.26015625 0.69453125 0.3296875 0.2234375
0 0.4671875 0.74140625 0.125 0.1171875
0 0.646875 0.73359375 0.09375 0.1484375
0 0.37109375 0.515625 0.303125 0.228125
0 0.9125 0.44375 0.0734375 0.0640625
0 0.13671875 0.42421875 0.15 0.0609375
0 0.07265625 0.79921875 0.1140625 0.15
0 0.54296875 0.95390625 0.071875 0.08125
0 0.68984375 0.60078125 0.1046875 0.0625
0 0.56484375 0.60390625 0.0765625 0.1046875