0 0.7445824840793465 0.37864905980335456 0.41602333787994433 0.5680638154179622
0 0.4859094973139129 0.4662044547816791 0.3024616439185815 0.43834695236260474
0 0.30406880004278125 0.3169570707502213 0.19958489288512418 0.3373011208772782
0 0.348439422459138 0.558469007539572 0.15790250702931327 0.2787759893354821
0 0.23193908891791076 0.3182395787133162 0.139841711744043 0.2590249314570916
0 0.497351995661283 0.8092032968609365 0.14343759263745515 0.23586044724210709
0 0.43952022498311855 0.8230691048099139 0.11690932588823219 0.20159186305535784
0 0.3506290070338225 0.6964695364787671 0.09517556699689197 0.13643729991529535
0 0.504826239665427 0.9679588576525113 0.08405397642635144 0.06408228469497743
0 0.4251259311455904 0.896650817978211 0.09859166542531543 0.142869310438639
0 0.281149106909988 0.7417750602268776 0.11818072745980875 0.19543286831702938
0 0.35527150351916587 0.8322628233104702 0.08496581306795062 0.15142526308359266
0 0.2446787216733497 0.549292157638394 0.08696496071058571 0.1608912683452642
0 0.24853577584996014 0.46647965763839394 0.08056941149637406 0.1574022472985769
0 0.17733286393930137 0.46468266823232485 0.06766699710451589 0.11457771046687401
0 0.1306120293646168 0.32408848933548196 0.07293669396136275 0.1273507262518895
0 0.14116207754537122 0.41714053932136447 0.04546235731976358 0.0727696420651398
0 0.1370524662966662 0.47173703405969275 0.05065927956950458 0.08398015785015538
0 0.16418854694240934 0.5955231445548016 0.04546235731976358 0.0727696420651398
0 0.1247664820124319 0.5336910024896616 0.030599336641599174 0.05476309471009326
0 0.10029948304588923 0.4366949051487324 0.03245293507002258 0.06110409997176518
0 0.22533575455262317 0.7291238708066909 0.05770980024766903 0.10153167889684286