0 0.53359375 0.20625 0.11875 0.1296875
0 0.703125 0.15703125 0.115625 0.0859375
0 0.4578125 0.36953125 0.071875 0.0671875
0 0.37421875 0.26875 0.06875 0.046875
0 0.18046875 0.0296875 0.1203125 0.059375
0 0.4578125 0.0375 0.090625 0.075
0 0.640625 0.36953125 0.1765625 0.0921875
0 0.61953125 0.46953125 0.05625 0.059375
0 0.740625 0.46328125 0.0734375 0.05625
0 0.6125 0.5515625 0.0421875 0.03125
0 0.77265625 0.40703125 0.0859375 0.0765625
0 0.38515625 0.4484375 0.059375 0.05625
0 0.66640625 0.55859375 0.0375 0.053125