0 0.40234375 0.79375 0.303125 0.3828125
0 0.08203125 0.65859375 0.15 0.2140625
0 0.253125 0.41953125 0.0640625 0.0796875
0 0.66484375 0.3015625 0.2390625 0.0984375
0 0.7578125 0.40078125 0.1328125 0.0703125
0 0.8171875 0.78671875 0.3609375 0.4265625
0 0.93515625 0.42734375 0.1296875 0.2265625
0 0.85625 0.22109375 0.121875 0.096875
0 0.68984375 0.15703125 0.165625 0.090625
0 0.52734375 0.21328125 0.1109375 0.0671875
0 0.4671875 0.490625 0.0734375 0.0828125
0 0.56953125 0.48671875 0.0890625 0.075
0 0.49765625 0.4 0.06875 0.06875
0 0.49453125 0.3328125 0.05 0.0390625
0 0.5265625 0.20234375 0.128125 0.0734375
0 0.4390625 0.28984375 0.059375 0.0484375
0 0.3765625 0.3921875 0.075 0.0765625
0 0.1484375 0.475 0.0765625 0.075
0 0.040625 0.440625 0.0734375 0.08125
0 0.18828125 0.2828125 0.10625 0.05625