0 0.415625 0.365625 0.390625 0.3734375
0 0.7703125 0.24765625 0.446875 0.4953125
0 0.57265625 0.07734375 0.2484375 0.1546875
0 0.0640625 0.23984375 0.128125 0.3171875
0 0.09765625 0.54140625 0.1953125 0.2328125
0 0.4078125 0.70390625 0.0890625 0.090625
0 0.48671875 0.6125 0.0921875 0.075
0 0.58984375 0.57734375 0.096875 0.0890625
0 0.52578125 0.67109375 0.0859375 0.0640625
0 0.53203125 0.7203125 0.0453125 0.025
0 0.1828125 0.69765625 0.115625 0.109375
0 0.071875 0.7265625 0.06875 0.0671875
0 0.09921875 0.81015625 0.0703125 0.0796875
0 0.2984375 0.69296875 0.090625 0.0984375
0 0.5890625 0.8078125 0.1421875 0.1125
0 0.7875 0.58984375 0.165625 0.1515625
0 0.71875 0.709375 0.2640625 0.1609375
0 0.921875 0.5375 0.15625 0.234375
0 0.91640625 0.7359375 0.1671875 0.184375
0 0.7609375 0.83828125 0.20625 0.1203125
0 0.23984375 0.8265625 0.09375 0.05
0 0.4953125 0.7671875 0.1 0.1171875
0 0.64765625 0.8671875 0.0640625 0.065625