0 0.4296875 0.74765625 0.09375 0.103125
0 0.1078125 0.8296875 0.1359375 0.1875
0 0.3453125 0.89453125 0.109375 0.121875
0 0.51328125 0.53046875 0.13125 0.1453125
0 0.34765625 0.51328125 0.0703125 0.1015625
0 0.4171875 0.5421875 0.034375 0.03125
0 0.7953125 0.696875 0.3828125 0.2734375
0 0.63359375 0.9515625 0.1328125 0.096875
0 0.48359375 0.8875 0.0921875 0.1140625
0 0.32109375 0.72890625 0.0953125 0.125
0 0.6609375 0.44609375 0.121875 0.1453125
0 0.2125 0.6734375 0.0546875 0.125
0 0.20234375 0.88203125 0.0890625 0.15625
0 0.1375 0.54765625 0.0703125 0.0953125
0 0.03359375 0.9359375 0.0484375 0.128125
0 0.46015625 0.32265625 0.0921875 0.1859375