0 0.7315119793768357 0.46920078172257007 0.3744370998305907 0.1865986487450698
0 0.679328582120611 0.586114871578334 0.18847023677523325 0.07460387575930572
0 0.6166263718654985 0.8701982776385074 0.35520125241907435 0.23140200246854192
0 0.41136056114451075 0.6604556824644101 0.24127598933548206 0.15073127108590292
0 0.39961577922154384 0.2979732130496184 0.17264781570031093 0.09764133225631966
0 0.12520731342241087 0.2814162670018404 0.19267188936371685 0.1199527433504863
0 0.2455260606504006 0.13636029977125022 0.09409861049510884 0.03495818787965286
0 0.21153819752445582 0.1692085141520488 0.10100105787839038 0.019515025835555644
0 0.1865081054451985 0.19600675028434045 0.07663809471009331 0.029870644376666755
0 0.5967098580760345 0.20477199296923665 0.11384966837349922 0.05258209897381949
0 0.600116308160739 0.29403451472072967 0.16623121572854577 0.06784472948277794
0 0.26009200568519486 0.45040526918604196 0.12835178413027978 0.08724803970326392
0 0.39929580275789284 0.14228625750253507 0.07093412628012441 0.0391001740119445
0 0.4085196133377062 0.19882719823197953 0.05926858418674961 0.026345600873680607
0 0.39507176336594113 0.22824194129812536 0.0526545631400623 0.01995013050895835
0 0.2921350211172745 0.07486040852871553 0.0965711631118273 0.05061955547083341
0 0.07847027936271819 0.43913719481350705 0.14268729991529538 0.092262848023889