0 0.6761046592200625 0.4645399312712256 0.15320639081820958 0.1462080005042031
0 0.5762011284077035 0.8438282295458557 0.26262424028009035 0.2550909636295394
0 0.29094637096410547 0.7438546347613063 0.21003858767505648 0.1626413836760255
0 0.19111538316521454 0.552535502093687 0.21995724317557444 0.14153120818165768
0 0.5367659075674326 0.1317652721205027 0.23768839867609248 0.12096733590559854
0 0.29402625165262986 0.32195785542821115 0.16268839867609247 0.11572282500983526
0 0.6784825266740204 0.14536931419094654 0.08633991439185813 0.04808757475773371
0 0.6515604617440431 0.2068202664205195 0.06424659057054072 0.041870425746469396
0 0.5587758023145837 0.25093053536205445 0.105162688998964 0.05096120248167448
0 0.5352163318840881 0.3340925966261349 0.07256851282028158 0.05335422896477802
0 0.7046939621583278 0.0518324816395427 0.06937073821317571 0.051573207677454616
0 0.625239748552258 0.019646956416946876 0.04771406203449331 0.03929391283389375
0 0.5701006383370102 0.05654139699445192 0.06708049214211709 0.03583894703379287
0 0.48507724482820436 0.43557296915429555 0.1537500463187275 0.12444226114786491
0 0.5068302743977089 0.5155664717521856 0.12031680810555194 0.07538204827463009