0 0.43562129625586854 0.5373457187778656 0.14284342306201392 0.10186221463952716
0 0.6176343624602783 0.5280862270500333 0.1732219072944446 0.13293243217453857
0 0.2200144800514588 0.5481698645584739 0.09349673328250008 0.06054370181924558
0 0.233694467133681 0.4974785057909683 0.03844555737069442 0.04237159057054072
0 0.2871091014423615 0.44024389454226326 0.035247822188333354 0.03910104135632899
0 0.3571852120996879 0.4268127872224997 0.053271776785486225 0.07583906203449331
0 0.3920927678548617 0.7169090942945943 0.0630104526972918 0.09190070967712849
0 0.42442791669684066 0.4596573664205007 0.038227351823611144 0.03299659057054072
0 0.17261149676895876 0.4940667154680967 0.03670121941479172 0.034486315963434676
0 0.6310941843642712 0.3671294563718687 0.06838763050895835 0.054691808105551944
0 0.7998630213702435 0.3936811861079891 0.06486258700597229 0.037358758891340216
0 0.8467919195466322 0.3602115605912604 0.05098192496187508 0.044516287427387446
0 0.7073111922480558 0.34871975062368177 0.05218074905006951 0.02896406203449331
0 0.8128929642838895 0.5502757884653539 0.03651938145888885 0.026673815963434676
0 0.9264690212280732 0.7783022810217559 0.1470619575438537 0.32319355913900927
0 0.248108338143334 0.8143385200589919 0.1461502610179167 0.1098202638537387
0 0.9529113669255904 0.47404927461161506 0.09417726614881908 0.1372517510334573
0 0.47102950655260456 0.412125240903772 0.05294446846486114 0.06177656203449331
0 0.5646165056026741 0.4343576517809735 0.09171602773541672 0.051095927212139715
0 0.7107648069894449 0.42989697601657595 0.03510235182361114 0.03285104135632899
0 0.43422375683694503 0.6117100179920774 0.053852351823611144 0.03372433664159917
0 0.4992857123840283 0.6180648717971842 0.05461607123840295 0.066536836641599
0 0.415978330640799 0.39904735215247705 0.04771145459715278 0.03812073821317572
0 0.050217658431806325 0.9142786697685417 0.059630879559027836 0.08081766046291676