0 0.38316643628911234 0.7554300886766345 0.15561322780418313 0.14524954811738694
0 0.5327152277809611 0.8435179788667421 0.19304329544054113 0.20828976866002263
0 0.6860555605641661 0.7261673974344796 0.14481743776222675 0.12589877081949083
0 0.7727645004009853 0.6178926249169456 0.12703794191141177 0.11698484577334849
0 0.8940735831841902 0.4984893877168721 0.15786281203728053 0.17493704811738695
0 0.5388262856690569 0.6696298958933201 0.0697456601678251 0.07910531153562221
0 0.8222605506154113 0.33766370681063346 0.10542305103961844 0.09849566162790727
0 0.8968121099533993 0.2655069069952035 0.06868006763635784 0.06504281153562222
0 0.4799491157529694 0.6281747786821719 0.07587726099766208 0.07794332973421944
0 0.37266295371104446 0.960102592534146 0.16875184523075956 0.07979481493170795
0 0.0956762464522931 0.8508382140642308 0.11756785352912932 0.0946091980251019
0 0.16308981201405862 0.7899996460502037 0.12609074855010743 0.10448484577334831
0 0.5327790404429417 0.5836726094961255 0.060772479254075584 0.04276729333702498
0 0.589562759324055 0.5284331994093778 0.20293851369695445 0.17471580505721712
0 0.7870595242704093 0.19095988509597844 0.10868976099766207 0.08004605027685523