0 0.8242244517257296 0.6578383511827818 0.3515510965485408 0.430333957256347
0 0.6834597493816912 0.1968730592246958 0.2546431369509051 0.22014991529826117
0 0.5684691116555939 0.5351401528052293 0.16155447100406092 0.20555108411256368
0 0.36378041409191736 0.5948640898681002 0.18817513263196828 0.3041067587805987
0 0.45444378932263 0.6812970144379394 0.11037390036914019 0.13809087334017517
0 0.4593594316722058 0.79456462889932 0.08449371838316751 0.07546360831306043
0 0.5721085579826527 0.8600401588553535 0.09048290252860873 0.09580337939029918
0 0.6564346907715045 0.7988350141433518 0.12313471622369895 0.11786018657189175
0 0.7506340761812499 0.86732645979043 0.06524307063492074 0.06754202400410492
0 0.4858709554263575 0.33082938182618626 0.0817086798265045 0.10512383723582168
0 0.6772853022794401 0.42956283937712103 0.08389294108527139 0.0660886083130606
0 0.3862609816445192 0.3607072584860111 0.1258777868586199 0.18503859621281205
0 0.31589721930601805 0.42043171642972926 0.13116606415651583 0.19444086729005097