0 0.15931512987291158 0.415942060368052 0.20138304220663672 0.18030766823232475
0 0.6423242731352085 0.34319043096298146 0.13433981818121907 0.09523544724210717
0 0.41754682102718343 0.6757621943289226 0.17638304220663664 0.17885158404557533
0 0.7911400539810549 0.5989839466068226 0.10711484496658023 0.14515985253201383
0 0.6629041854755242 0.7322830230422388 0.16268300649282175 0.10937354195220053
0 0.59842112541198 0.9318588178370366 0.10210006249917622 0.12613683674699844
0 0.6520330949731707 0.8622512441030435 0.11271028003177222 0.10802387357870132
0 0.7150922025216528 0.8338602045699176 0.11301028896022576 0.12521137357870132
0 0.5474819626679226 0.8483413915710297 0.17273193668674977 0.23795356826055958
0 0.48258898863920957 0.44415514953412466 0.1398182508107789 0.14082096302712266
0 0.6244219326328551 0.472749128346263 0.1321421185055307 0.1481784367187636
0 0.7907754099046838 0.3510546808218071 0.09555005357072233 0.10858531570031094
0 0.8418007528459643 0.7880611281345014 0.08582049756436802 0.08772678413027979
0 0.9009065661559195 0.5381213122930161 0.06378185633066594 0.07707771046687384
0 0.9142146842544129 0.2237325886013754 0.1692796542193456 0.21902155773721593
0 0.31719008523064296 0.5111620970585806 0.26357512499835234 0.25573187343752685
0 0.7798426749255126 0.9978500259554235 0.07897047970746059 0.004299948089153105
0 0.628548550734644 0.6395649020237862 0.07603639448011279 0.06374325256024882