0 0.5718973696849314 0.40425513123316364 0.1539484339354164 0.1699293469752808
0 0.8782242368379741 0.6616679870024361 0.2435515263240518 0.296172595767333
0 0.6956970344678721 0.8708682885099466 0.17627979092165802 0.2293999418245299
0 0.48080864444933874 0.8743607239563808 0.1578026094333124 0.2356818927329151
0 0.20883437449425482 0.38085074258313417 0.1379811827542901 0.24808629788366643
0 0.3003150686812903 0.68045187198013 0.1260962524470708 0.17544602333785927
0 0.27243802830778635 0.26139898304023645 0.054618067330527965 0.09170901000193972
0 0.32016868937771203 0.31203658289045527 0.04604167549789597 0.06919628121376702
0 0.32918408002921773 0.4140454930421761 0.0583432680561673 0.10915160151720879
0 0.39819946405730133 0.47187371062046113 0.05881449400955017 0.07802914727484325
0 0.19461063947037927 0.1966192637949615 0.05558036660488854 0.07464905575957421
0 0.12866074645662096 0.24888352333785918 0.05643353847458741 0.0544641015172088
0 0.15053823565684774 0.3176653453082909 0.04146330290255764 0.0719386439408634
0 0.4761186221320021 0.5615896569869189 0.13363593393541642 0.1682712521260319
0 0.5592585043459872 0.5777245821415493 0.08394346878180681 0.12837983363936126