0 0.3326586819651415 0.6917905014606024 0.09313787799792798 0.09529195909527761
0 0.3236904044625515 0.8023958107914357 0.08656254631872758 0.1211709539114814
0 0.20114331637321028 0.8154705921770373 0.08583480024766903 0.1055459539114814
0 0.1295636071103666 0.609151533129028 0.2043707845319033 0.17816183063166627
0 0.2333285002048878 0.3780786074456023 0.18630998924663303 0.15790811922731454
0 0.42590129797135745 0.4200631814793526 0.0991695541766104 0.09115126324231468
0 0.4858242615774273 0.4603177431192602 0.06392125889134022 0.06939384043361088
0 0.4923417812221344 0.3813041863803249 0.062975188998964 0.04908134043361105
0 0.42458704693790017 0.3244772794058341 0.0698073858558109 0.06212814458064804
0 0.37806945781510165 0.23519945739833403 0.11864730024766904 0.10841667568342572
0 0.1852783362273144 0.1885273833645837 0.19216188296032674 0.18331822233759226
0 0.3636366226212445 0.12742591361888958 0.10407537799792799 0.0962488663525924
0 0.4348074553339023 0.19022941851986194 0.0848887303552928 0.08523345391148132