0 0.28453367958942916 0.3879098127750316 0.1538393065307547 0.16073586463846717
0 0.37531496932996095 0.09587616307904274 0.17894843393541643 0.16487953657757742
0 0.4744221027250724 0.1703270178316782 0.08156251324684387 0.10162084980971957
0 0.4799528177938641 0.46002618779362214 0.07782244355406327 0.17324118182494191
0 0.47744783276998853 0.6437791052841082 0.060089306530754706 0.15691584486680377
0 0.4205579373091595 0.7494269274134988 0.05496529691210785 0.14422484387822046
0 0.32370776307720794 0.5655374056646689 0.08545140507947586 0.12362318380210838
0 0.41363335863070416 0.5668545079458465 0.04967759618646852 0.1268463428896373
0 0.3909002414776615 0.4337090855124446 0.06297620435383652 0.1055443458553869
0 0.12804803349562793 0.6123301981365643 0.13070934137714504 0.12390702669174569
0 0.5529067120735668 0.2752320351318837 0.05928571996293321 0.044543178859192525
0 0.5756150365756708 0.341875707070994 0.039484140651505586 0.10302684091247105
0 0.617522283580446 0.3068122989720482 0.04600695916315978 0.11109400889724856
0 0.6212251477382636 0.4024113004549229 0.05314484736759475 0.04741351087441501
0 0.6435168099893158 0.4361788053978389 0.05946925843752045 0.09447951186299797
0 0.593740010081983 0.5397693790101042 0.048566474772256465 0.0503475098858317
0 0.623968168704838 0.6599200529263809 0.03601191106992552 0.04827567391627667
0 0.6387325623515684 0.595585638895936 0.04209821996293321 0.04384284190105418
0 0.654868483040141 0.5367836418616856 0.0457688569862416 0.059595175893442945