0 0.425 0.8015625 0.0609375 0.0828125
0 0.35859375 0.5984375 0.121875 0.1796875
0 0.39140625 0.49453125 0.078125 0.103125
0 0.33203125 0.38125 0.1015625 0.140625
0 0.2171875 0.2984375 0.10625 0.1765625
0 0.2234375 0.41015625 0.11875 0.159375
0 0.15390625 0.265625 0.08125 0.1171875
0 0.0625 0.18984375 0.0859375 0.090625
0 0.2234375 0.18984375 0.06875 0.090625
0 0.54453125 0.95390625 0.075 0.0875
0 0.4234375 0.72265625 0.046875 0.0609375
0 0.44765625 0.771875 0.04375 0.0578125
0 0.4828125 0.7109375 0.053125 0.071875
0 0.47109375 0.61796875 0.05625 0.0765625
0 0.0515625 0.31171875 0.103125 0.2921875