0 0.17321517695767982 0.6541095238191834 0.31344942559888345 0.17605300079142266
0 0.07057369233436946 0.5428801702956866 0.1411473846687389 0.1017396594086268
0 0.06670174185939962 0.4696017946688659 0.13340348371879923 0.07642141066226812
0 0.25583732643728146 0.536256782594672 0.1729262449116173 0.0845976235152495
0 0.47955038613907697 0.6584570768678265 0.2273614393936933 0.11114340314042082
0 0.7639619284280179 0.8132138068760739 0.2663287641334941 0.17000157759274223
0 0.6927187714851843 0.6990580301538966 0.17826884215265543 0.09723401583511766
0 0.6526946370435881 0.6292372751393316 0.14916119629109836 0.07766566191590947
0 0.5220145251032291 0.6072977421489482 0.11701043758467122 0.05956887978345584
0 0.4142982796257847 0.48952287193240396 0.23904256784239591 0.0958821159934022
0 0.8263877645877795 0.66396631314428 0.21050813206674696 0.08725126207419401
0 0.6780907847141674 0.5614132776466141 0.13616987336031983 0.06792694906292791
0 0.8119025407070612 0.6129039183171295 0.10253850180902227 0.051347202823851745
0 0.9169275554063823 0.6480708770134759 0.04061835594746519 0.03082410266556703
0 0.6023781337642278 0.5027717150310596 0.11660100180902226 0.05175637978345567
0 0.09252950022714261 0.422439638163233 0.08798467887824382 0.041563025864247295
0 0.21593270070211243 0.44927125963341846 0.057969630257724794 0.03444920783841639
0 0.039142228630416574 0.8092553280549609 0.07828445726083315 0.2002393438900782
0 0.7469979149718922 0.5266458210618389 0.14316350180902226 0.05252926959604132
0 0.7314891016520522 0.4951146762346883 0.11142217887824372 0.042244987463587694
0 0.6292239167809145 0.4817090572717852 0.06093085594746519 0.03141513605166182
0 0.4931193204443877 0.4739684166012699 0.08189845318850324 0.04450616943775678
0 0.5638379341937692 0.4492890138565605 0.08017217887824372 0.041335705331134065
0 0.6803327154014335 0.47398147380654815 0.042924484396167625 0.015290030878812288
0 0.7427264948000756 0.5486117492750842 0.10377345318850324 0.045142666930474286
0 0.841621018205824 0.5667957964512326 0.0687433559474652 0.0316424565847754
0 0.8243383429456248 0.5095743298373274 0.04621325870642749 0.01850595909205772
0 0.43834328923672317 0.4474801244396864 0.059040807326946165 0.02511967194503928
0 0.39019239427967733 0.44342076174498946 0.05731453301668683 0.021949207838416383
0 0.35014392639185293 0.44848634646386787 0.055833920171816584 0.023466243731793845
0 0.4313153612629906 0.4625057308661772 0.0528726944820761 0.02650031551854859
0 0.45431577001484635 0.5297015910535915 0.116355340343633 0.04706887978345584
0 0.5319970347141675 0.5656641716158347 0.09719590456798421 0.038710810503983596
0 0.6014364314802355 0.5207404650310595 0.057478307326946164 0.025074207838416563
0 0.5069295149264637 0.44860470374828837 0.05114642017181659 0.023329851411925874
0 0.2739875401412344 0.42808056974169056 0.043170145861557076 0.019977530878812287