0 0.6344999050182102 0.87412010410668 0.44831574852966194 0.2046989034514592
0 0.5645791514001657 0.7814004804171267 0.13829893939369348 0.11319851172019249
0 0.5781293170494264 0.680980175821335 0.10006859905006031 0.06714553207825791
0 0.41451719640263995 0.7000875285345136 0.160337713703953 0.11772532541528272
0 0.7020105523501053 0.7114513209486878 0.15441526232447203 0.12357480721668548
0 0.6785077753263123 0.6369216903193043 0.06849105042954129 0.05889294108527139
0 0.5994001294647553 0.6231781678017704 0.07630355042954129 0.059393588833518154
0 0.48695103912112214 0.5864873010520475 0.153350729307785 0.10326230721668547
0 0.4559776780852743 0.638640086369508 0.10368492198083885 0.07672079117755644
0 0.16794208955066356 0.6618014882798077 0.27659787878738673 0.22639702344038462
0 0.9470264812283492 0.7349436759782184 0.07564180913596844 0.0764809592838688