0 0.46953125 0.715625 0.5421875 0.1921875
0 0.3796875 0.546875 0.1203125 0.0546875
0 0.47578125 0.58359375 0.05 0.0359375
0 0.25625 0.921875 0.15625 0.0984375
0 0.11484375 0.79921875 0.0953125 0.0625
0 0.17421875 0.76015625 0.09375 0.0484375
0 0.84609375 0.71875 0.11875 0.0828125
0 0.68046875 0.60234375 0.0859375 0.0515625
0 0.19921875 0.5484375 0.0890625 0.0578125
0 0.1140625 0.59765625 0.1046875 0.0625
0 0.65078125 0.51015625 0.06875 0.0421875
0 0.66484375 0.56328125 0.0953125 0.03125
0 0.23125 0.60546875 0.0515625 0.0328125