0 0.5268554050907425 0.843326779401845 0.3042723928851242 0.31334644119631
0 0.5465515907799375 0.5567104515366055 0.2023330955329392 0.13325826546195146
0 0.3715751695636539 0.45773146228745104 0.09175516046291676 0.06508260818516867
0 0.3848050696874884 0.40940553259089285 0.07696491439185812 0.048309696366457724
0 0.6350940140631358 0.457284149570053 0.15327485731976367 0.08255689273291544
0 0.5282104673301236 0.4117009694144528 0.127474336641599 0.06332866061076281
0 0.6461813713828994 0.3876093783582257 0.1158818651776464 0.04837334030732112
0 0.4494155332935582 0.36919486289627423 0.053600188998963995 0.047959010001939716
0 0.5384994580244986 0.32549240244499095 0.07264128742738744 0.05573955909355401
0 0.6018556366843804 0.29537420987155516 0.0690068651776464 0.044546967578284934
0 0.43880982713108646 0.29382820107756347 0.07358735731976367 0.07605205909355402
0 0.3513954102580289 0.36903575304411584 0.10567211124870504 0.06310552000387926
0 0.07694960442878865 0.7724645445496866 0.13172949710451587 0.12126870636839744
0 0.21858925661953776 0.5432708653121703 0.07013702564056316 0.10223192182065048
0 0.66209327750259 0.1638370385099466 0.053381865177646405 0.04327151000193967
0 0.6051839979330854 0.24075048275037236 0.06112159057054054 0.042346738790112325
0 0.5026219241117678 0.23708373562531032 0.04945634449948209 0.025828918486670637
0 0.5159374073625449 0.2711079203228384 0.05101884449948209 0.02595646424430509
0 0.546500356700591 0.22105999396026005 0.03910104135632899 0.037436098183228864
0 0.6715324358985921 0.2979249960862919 0.05643409057054054 0.04196410151720879
0 0.29107218631287685 0.418222810011638 0.06475601282028158 0.053539330305381404