0 0.4179434215306129 0.8081458607489473 0.5246945420617983 0.26547254741903503
0 0.41738898010075465 0.535403252337691 0.4124601356847917 0.18047031264254124
0 0.21859735527009674 0.42171241529826115 0.3300770036180446 0.0987657946885605
0 0.46032118781181364 0.3723219902374426 0.2756418091359686 0.07345672247985355
0 0.19633725294067608 0.3543749243734474 0.2577173247398008 0.059294228529977656
0 0.7447470974681807 0.4177400711285525 0.23032930913596844 0.07319310206654457
0 0.7392241157855464 0.3590963241536146 0.1997410504295413 0.05583288524403187
0 0.5910665767759657 0.3230673996819713 0.12794793758467105 0.056977228726369414
0 0.9174719465182409 0.357788875088691 0.09669793758467123 0.056795421544777104
0 0.8039350689740496 0.3172724385167993 0.13436171189493037 0.060138590162687855
0 0.6117719024202777 0.2411315984523073 0.19061171189493056 0.06046584308955412
0 0.7201266350074231 0.27614746876742036 0.14884029172311414 0.03835449375348414
0 0.4183184735420339 0.27908052946505413 0.1612584045679842 0.03686471662612103
0 0.34147601255161447 0.3138004422292324 0.1593683559474653 0.03060562626704133
0 0.31757152306706404 0.2480163609453392 0.1126571302577248 0.03345791549465282
0 0.1693420629811558 0.25809482201231526 0.12671963025772479 0.033539728726369414
0 0.26057789461836156 0.23205501765939332 0.07154080732694634 0.02384656615858276
0 0.31028464552287277 0.20811806879086142 0.08264208163720577 0.027035198672140125
0 0.43639012211712436 0.18775154751723086 0.07154080732694616 0.023846566158582806
0 0.36525210651329215 0.17327089099956844 0.05378009724103805 0.012809072208706996
0 0.26607762211712443 0.18676069837755255 0.06011198439616781 0.014407933645025484
0 0.5821972670741703 0.1940702460911751 0.1013101944820761 0.025581782981095546