0 0.6821988453736173 0.06695875330525969 0.14456820616851013 0.053570263853738885
0 0.4330429561718055 0.45489743920385184 0.11657957386326193 0.06007282092583353
0 0.3605973916440345 0.663414106491194 0.20925799756436803 0.09249152274507892
0 0.24500757346281538 0.7456015601724666 0.11548072402541765 0.08656254631872748
0 0.36679502435631983 0.8458820041338292 0.13272277110331832 0.09048806699689216
0 0.3244087013038368 0.7657193151348652 0.041225017856907444 0.03626713978475227
0 0.4713382483817375 0.7694351282028158 0.06482615909060954 0.04673375889134022
0 0.5834757840955525 0.7058521253073317 0.13631142126547413 0.1171961162111037
0 0.7524597889668164 0.879482332088976 0.1499102711033183 0.09128858767505647
0 0.7848900539810548 0.5893496377133285 0.11627165665497756 0.13187504631872748
0 0.8106260340922571 0.23479057030215172 0.15446140340856687 0.08369441149637406
0 0.8607954038156038 0.13782783312243327 0.12647277110331814 0.09019696856846862
0 0.4980693072241705 0.044308849666768506 0.12729888555165908 0.04808224317557445
0 0.04756951177441811 0.7238955723735755 0.08523984496658026 0.14291955417661056
0 0.23104012540868474 0.42594187758364327 0.06526253571381498 0.07173375889134022
0 0.027610275165451066 0.9550695666873057 0.05522055033090213 0.08986086662538853
0 0.9669811741081432 0.19125039370918454 0.06251936525911965 0.09346320967712844