0 0.46953125 0.45078125 0.146875 0.1171875
0 0.265625 0.5109375 0.14375 0.1390625
0 0.75546875 0.52265625 0.125 0.0921875
0 0.85 0.63671875 0.1703125 0.1484375
0 0.9625 0.51796875 0.075 0.078125
0 0.79296875 0.409375 0.0671875 0.0671875
0 0.71484375 0.35703125 0.0859375 0.0609375
0 0.58046875 0.36328125 0.075 0.065625
0 0.403125 0.34453125 0.084375 0.046875
0 0.45703125 0.2640625 0.0890625 0.04375
0 0.37265625 0.27734375 0.06875 0.0328125
0 0.275 0.7890625 0.4921875 0.421875
0 0.6203125 0.5109375 0.0796875 0.11875