0 0.5439356141813567 0.5079629804171267 0.200753369581383 0.1842910641565158
0 0.19043924657713993 0.36769174043927605 0.3677630919382352 0.4583665191214479
0 0.6524697198853942 0.211190505094129 0.2401235701894054 0.3473312846991516
0 0.7809714046760858 0.2891176411221833 0.303098414067626 0.401236337135475
0 0.6077102485914873 0.7466960109542251 0.22708505931499054 0.2950678778516064
0 0.4837767752088709 0.10821661088962671 0.2613035504177418 0.21643322177925342
0 0.8039658246752108 0.699654622923586 0.17577722729976805 0.29801360271317867
0 0.7005358522811775 0.0572776684939084 0.17084569368794006 0.1145553369878168
0 0.4209066324701454 0.6027922239387218 0.31563822334543534 0.2882752621816177
0 0.223280851861248 0.8661094540420814 0.2786237015966055 0.18304754163898201
0 0.37777217292769344 0.021276617829457025 0.2305443458553869 0.04255323565891405
0 0.7939236157014125 0.8953373627445533 0.09989652372599611 0.11860790252860838
0 0.7252147890862165 0.5355105822074548 0.24858337452429885 0.2107324506459955
0 0.8508991744849304 0.7749759955334051 0.08714185574121842 0.11155686613141391