0 0.5890625 0.3 0.25 0.2671875
0 0.32734375 0.41328125 0.2609375 0.29375
0 0.51953125 0.4921875 0.1265625 0.125
0 0.4390625 0.59375 0.159375 0.1296875
0 0.26875 0.58125 0.115625 0.121875
0 0.575 0.62421875 0.1078125 0.096875
0 0.66171875 0.571875 0.0984375 0.1078125
0 0.58984375 0.784375 0.1 0.0765625
0 0.4765625 0.79140625 0.1265625 0.0921875
0 0.43984375 0.7484375 0.0453125 0.0390625
0 0.3640625 0.7671875 0.078125 0.0671875
0 0.37890625 0.71328125 0.0578125 0.0671875
0 0.39296875 0.84296875 0.0765625 0.0859375
0 0.53515625 0.846875 0.0953125 0.08125
0 0.68359375 0.8359375 0.0828125 0.075
0 0.609375 0.87578125 0.084375 0.0625
0 0.55078125 0.89921875 0.0453125 0.0515625
0 0.5203125 0.97578125 0.05625 0.0484375
0 0.78359375 0.825 0.0515625 0.0515625
0 0.303125 0.11953125 0.234375 0.2078125
0 0.72109375 0.490625 0.125 0.14375
0 0.64453125 0.90625 0.0515625 0.0515625
0 0.4765625 0.68515625 0.125 0.103125