0 0.4578125 0.51953125 0.203125 0.1859375
0 0.81875 0.60546875 0.3625 0.4546875
0 0.53515625 0.21640625 0.25625 0.3390625
0 0.38359375 0.209375 0.31875 0.39375
0 0.26875 0.68046875 0.2390625 0.290625
0 0.7453125 0.20703125 0.265625 0.2546875
0 0.13125 0.53359375 0.1921875 0.2890625
0 0.5890625 0.0625 0.171875 0.125
0 0.50625 0.665625 0.31875 0.290625
0 0.52109375 0.946875 0.2734375 0.10625
0 0.89375 0.16875 0.2125 0.153125
0 0.034375 0.71796875 0.06875 0.1578125
0 0.290625 0.44296875 0.2484375 0.2140625
0 0.04921875 0.5703125 0.0921875 0.109375