0 0.5 0.54296875 0.278125 0.18125
0 0.25859375 0.2375 0.4265625 0.253125
0 0.30625 0.31796875 0.103125 0.0765625
0 0.5265625 0.2515625 0.16875 0.1359375
0 0.7765625 0.271875 0.275 0.1859375
0 0.79375 0.42890625 0.309375 0.2140625
0 0.79296875 0.56171875 0.159375 0.1359375
0 0.0484375 0.196875 0.096875 0.1625
0 0.2296875 0.3921875 0.06875 0.0453125
0 0.9375 0.52578125 0.125 0.1828125
0 0.76796875 0.1 0.09375 0.09375
0 0.575 0.14375 0.075 0.0609375
0 0.85234375 0.0796875 0.1109375 0.159375
0 0.2640625 0.98984375 0.05625 0.0203125
0 0.91171875 0.79765625 0.13125 0.140625
0 0.9640625 0.6515625 0.071875 0.071875
0 0.5015625 0.92890625 0.0796875 0.0671875