0 0.1703125 0.48828125 0.2421875 0.096875
0 0.28984375 0.3375 0.1109375 0.0796875
0 0.409375 0.45546875 0.1375 0.0765625
0 0.31171875 0.603125 0.2421875 0.1828125
0 0.68359375 0.5484375 0.1765625 0.121875
0 0.58671875 0.43984375 0.10625 0.0546875
0 0.5703125 0.39296875 0.0625 0.0359375
0 0.51953125 0.34375 0.078125 0.0359375
0 0.4265625 0.3375 0.0921875 0.04375
0 0.2328125 0.24921875 0.0953125 0.03125
0 0.40546875 0.28828125 0.065625 0.021875
0 0.71953125 0.34140625 0.075 0.0390625
0 0.8015625 0.2796875 0.078125 0.040625
0 0.73515625 0.24453125 0.059375 0.0390625
0 0.659375 0.30234375 0.059375 0.028125
0 0.94921875 0.42890625 0.06875 0.05
0 0.9703125 0.29921875 0.059375 0.0609375
0 0.48671875 0.2453125 0.0375 0.0203125
0 0.4515625 0.22421875 0.0640625 0.01875
0 0.34453125 0.18359375 0.0546875 0.01875
0 0.57578125 0.23046875 0.0578125 0.0234375
0 0.6796875 0.2140625 0.05 0.0171875
0 0.640625 0.26015625 0.0375 0.0125
0 0.671875 0.23984375 0.0484375 0.0140625
0 0.41484375 0.1875 0.0421875 0.0109375
0 0.52734375 0.296875 0.0546875 0.028125