0 0.5242237097074083 0.45714293283910806 0.21544580009453645 0.30816470798203355
0 0.48494305358138917 0.1626910391923776 0.12226314514629592 0.22235120435383648
0 0.6242106051365279 0.16520345869982375 0.15521234618305507 0.22505954210278442
0 0.7872786587179172 0.31665437521204504 0.26505482082972165 0.34105161905195924
0 0.6975847143255567 0.60738601341648 0.16663786173444387 0.24882442431676957
0 0.549607252638381 0.6954713120578683 0.07406079952888867 0.1521279843909035
0 0.45677520367514013 0.6906622717691825 0.02781193317629622 0.050818455534962934
0 0.40660414863314853 0.24302089073632366 0.0652134798304628 0.12222222958157998
0 0.3687740835528711 0.4156672170525262 0.04759675287472209 0.08110615626060227
0 0.41526766621078776 0.3679216870154593 0.030623866352592444 0.10076389183263199
0 0.40527963713426035 0.5626984736759482 0.05119064458064813 0.06876984736759476