0 0.6033557339275673 0.6018463615103478 0.1257887176006804 0.20432643692972227
0 0.7103076275742978 0.669126740119445 0.10136907095872498 0.1756559230620141
0 0.18340038719294458 0.6693526780960071 0.3383185217691824 0.5230803561920142
0 0.4408234736759482 0.4630169848011114 0.12231648801910033 0.1496025693385418
0 0.3873413535276806 0.6303850163362503 0.0925198606144388 0.14578658510611114
0 0.4737798505324557 0.6690858000555906 0.05661707694917482 0.10123649810013902
0 0.558616185919151 0.8630916796146184 0.14272324645662096 0.24219011284152786
0 0.4333185747565581 0.9187214709334033 0.09875001324684388 0.1006559230620141
0 0.6556622121583848 0.08785790311347277 0.1737698606144388 0.14767769984750015
0 0.7214930872007939 0.2517580553739242 0.09655259618646853 0.12714568787965286
0 0.6096552861123347 0.22339470640010467 0.05618056733052797 0.08873649810013892
0 0.5486632224100039 0.22041387034406296 0.06492065027015244 0.11548083605604172
0 0.4716716472749276 0.1616369759673962 0.08835815027015244 0.11602634992375008
0 0.5315897950980093 0.11151099581902821 0.036121038474587405 0.05080008700597225
0 0.8217287332945951 0.484372493253577 0.05823414065150558 0.1028353656913195
0 0.9738021208660577 0.3013450537584036 0.05100199400955034 0.0745648953265972
0 0.9315278631463274 0.655540938067084 0.0321230192372937 0.025727351823611144
0 0.8604638841977197 0.7218004112815979 0.04829365626060209 0.041716027735416716
0 0.872887017044677 0.8540134992375007 0.0460416754978958 0.06664329255305575
0 0.811862726207837 0.9550671265186115 0.08635914065150559 0.08986574696277713
0 0.8645090326537737 0.7929305288727785 0.046949411069925874 0.04792966014423623
0 0.9597223289329093 0.8146620181392021 0.03261409255827132 0.039789851823611146
0 0.9932998991314351 0.7554513255098966 0.013400201737129792 0.04113414627652787
0 0.9043874989885097 0.7501442700390631 0.04182540145127902 0.035320557370694415
0 0.8990080290255765 0.7078658510611119 0.025873019237293703 0.025581881458888844
0 0.9829563934150624 0.6966030023716328 0.034087213169875244 0.035247822188333444
0 0.9213741354636641 0.9683312255861466 0.02921627404661713 0.031904616641249814
0 0.9304366222168202 0.870184666315591 0.03541171034428601 0.030487587005972115
0 0.988319749810741 0.890371186167223 0.02336050037851791 0.031977351823611146
0 0.8653869309401916 0.214515241353716 0.19401790634542024 0.3698436405769446
0 0.18432790389834955 0.20412772159899323 0.15907244355406328 0.17387652393569458
0 0.34025301088459126 0.2655224293302781 0.08663195916315995 0.1113024823325695
0 0.4132391322988031 0.34372147093340316 0.05936013103285873 0.09037173328249999
0 0.6170808949126749 0.3242668753780561 0.08263393992586625 0.08622974715020834
0 0.5328175115175634 0.39256097406753515 0.03214286660488845 0.07100348423243057
0 0.5035813901033515 0.31538022501746565 0.049002984390903316 0.062028527735416714
0 0.577877040373504 0.43107926662059076 0.05703373920022692 0.0684603656913195
0 0.8510219076113646 0.6302486909168756 0.035758939925866075 0.08513871941479181
0 0.7740253871929446 0.6830996275622576 0.044588302902557685 0.06973192496187508
0 0.7929167417321155 0.5758144576343757 0.04324405771188111 0.07594555737069442
0 0.7518205488958424 0.8519762609210076 0.09933534500534229 0.20683318787965277
0 0.82179574299806 0.8215997363197228 0.01816964664195524 0.028525043502985882