0 0.16875 0.490625 0.2296875 0.1171875
0 0.28671875 0.359375 0.13125 0.0921875
0 0.2359375 0.25078125 0.1078125 0.053125
0 0.40625 0.453125 0.175 0.0921875
0 0.30546875 0.59296875 0.2515625 0.1140625
0 0.7 0.5515625 0.1640625 0.1265625
0 0.8765625 0.5859375 0.0984375 0.0890625
0 0.5921875 0.44140625 0.090625 0.0625
0 0.5625 0.3953125 0.06875 0.0453125
0 0.521875 0.34609375 0.0703125 0.0390625
0 0.4265625 0.33828125 0.084375 0.046875
0 0.6625 0.30625 0.059375 0.034375
0 0.73984375 0.2375 0.05625 0.0265625
0 0.81015625 0.27734375 0.09375 0.0359375
0 0.9671875 0.30859375 0.065625 0.0671875
0 0.94453125 0.4296875 0.0828125 0.0515625
0 0.8234375 0.41328125 0.090625 0.059375
0 0.728125 0.3453125 0.0640625 0.0390625
0 0.578125 0.72890625 0.1140625 0.1015625
0 0.77578125 0.89921875 0.4015625 0.2015625
0 0.50859375 0.53515625 0.0921875 0.075
0 0.15859375 0.21328125 0.05625 0.0265625
0 0.45859375 0.225 0.0546875 0.0203125