0 0.4107554569759938 0.6469964740544663 0.6643968798663211 0.5791121912766286
0 0.6328063660698986 0.20147560981183052 0.14344208279171564 0.07684029691210785
0 0.12938135714144489 0.2018576219623661 0.25409893912238163 0.1540972560752678
0 0.3457660620921391 0.28263636289187344 0.11498980032431154 0.05710815027015244
0 0.3706472853067779 0.23017356180341428 0.11463524431795716 0.036795650270152434
0 0.6380177917995996 0.3208977324071688 0.17022277110331832 0.09026787985173242
0 0.5056671676120261 0.21764130155179529 0.0947591209411625 0.0610863221398513
0 0.5641636858759707 0.0756695671608919 0.1336307061685101 0.05151291469812276
0 0.846627358359261 0.13537935074133783 0.15564207386326173 0.060089306530754706
0 0.8477922122542949 0.2916839144436687 0.1253739212654743 0.11524803248413758
0 0.9520842459395149 0.2653718963875014 0.06674321509696383 0.06635417549789598
0 0.6261626741048479 0.3134944601746502 0.19971935633066593 0.08036709019601869
0 0.4523864346581547 0.12100440372871353 0.09780230032431163 0.05650794954451306