0 0.571875 0.4953125 0.103125 0.075
0 0.67890625 0.44921875 0.1140625 0.0515625
0 0.5390625 0.40234375 0.1109375 0.0578125
0 0.6203125 0.321875 0.1203125 0.0609375
0 0.82109375 0.546875 0.05625 0.05
0 0.97734375 0.45234375 0.0453125 0.0359375
0 0.9375 0.47265625 0.0453125 0.04375
0 0.91953125 0.346875 0.090625 0.0484375
0 0.7921875 0.2546875 0.0984375 0.0359375
0 0.64765625 0.14140625 0.0640625 0.04375
0 0.6265625 0.04140625 0.065625 0.0359375
0 0.71171875 0.07890625 0.0625 0.028125
0 0.58203125 0.090625 0.05625 0.025
0 0.5421875 0.1421875 0.0453125 0.0328125
0 0.4640625 0.13203125 0.0515625 0.01875
0 0.44375 0.08515625 0.0421875 0.0203125
0 0.4890625 0.0546875 0.053125 0.028125
0 0.14375 0.159375 0.0796875 0.040625
0 0.22578125 0.15625 0.0609375 0.0265625
0 0.0234375 0.08203125 0.04375 0.028125
0 0.171875 0.08359375 0.0515625 0.034375
0 0.121875 0.48359375 0.090625 0.05625
0 0.03203125 0.4453125 0.059375 0.05625
0 0.71875 0.17265625 0.0734375 0.040625
0 0.81875 0.04921875 0.0609375 0.025
0 0.88359375 0.03203125 0.0421875 0.0234375
0 0.8234375 0.0109375 0.046875 0.01875
0 0.05625 0.18828125 0.0625 0.025
0 0.053125 0.2203125 0.0828125 0.0234375
0 0.2703125 0.1796875 0.0546875 0.025