0 0.2802904462362532 0.27454421286495423 0.08801815046753818 0.0967177580585183
0 0.17099725946796976 0.2700507854381022 0.11453519867214013 0.09122917568342573
0 0.16936710265571975 0.14759958699324108 0.09891019867214013 0.08986216531583313
0 0.3814449218393646 0.08641772495273177 0.16208288524403178 0.17283544990546354
0 0.6018750756265525 0.16207714981092708 0.14323289129415606 0.19212729434509232
0 0.5421768469983791 0.3570471886893992 0.08336701190385654 0.10255765494824062
0 0.4965280037124332 0.41882401875541764 0.06441702400410491 0.0665422425071295
0 0.5745939163784156 0.4221452169174548 0.04410452400410492 0.06476512902925916
0 0.6374711662802197 0.35183342544708457 0.05664088544042354 0.0721087373233332
0 0.7306853559753694 0.30151221375990883 0.09910109621281205 0.12267466531583313
0 0.7950710846035429 0.10613207177115894 0.168260162371395 0.19900201093324044
0 0.8393336481298472 0.28263649170514055 0.08808178298109581 0.1076552580585183
0 0.7701882175098838 0.3566200873225478 0.07859769867214013 0.08808505183796278