0 0.510380941211876 0.4370827436652869 0.3386559523616331 0.42512699828414036
0 0.331533212523777 0.6179737278301692 0.1798479390337981 0.22535901583511767
0 0.8782086018741442 0.2914031484550602 0.23712689311129082 0.3160127595669115
0 0.2139044094751339 0.3072598851937321 0.15389319279472174 0.1918190901291547
0 0.17719871668041215 0.4938506030612785 0.12191576708875881 0.1659098079967011
0 0.05872751299863073 0.427068616851332 0.09637019780928666 0.14643238229073816
0 0.06447609316516259 0.6594635797043134 0.08470527210332376 0.1211141335443795
0 0.21101039317779788 0.16486779671392998 0.09591555674305985 0.13080738229073816
0 0.1389846289920329 0.19483042986259802 0.06031302586424747 0.0876196719450392
0 0.18238293949601644 0.10069999663478772 0.0627848079967011 0.1189151360516619
0 0.12438726840890708 0.3202934311162392 0.09315426959604131 0.1432164540774928
0 0.011537927421822542 0.6544972833860949 0.023075854843645084 0.10274456677218975
0 0.01567750963341845 0.5225342295460289 0.0313550192668369 0.08569345909205772
0 0.18619591277383915 0.023401710741410394 0.06823317445232169 0.03789245658477529
0 0.3799322939439501 0.8625564536152744 0.1987797954602888 0.23215458511458992
0 0.5068441349310346 0.872103635193732 0.18125732633910124 0.255792729612536
0 0.646133955464148 0.8773393337944416 0.18926840314042082 0.22719430047485362