0 0.8609375 0.80546875 0.1546875 0.2078125
0 0.9015625 0.484375 0.196875 0.334375
0 0.6109375 0.43046875 0.140625 0.175
0 0.475 0.23984375 0.078125 0.140625
0 0.4421875 0.328125 0.046875 0.075
0 0.40390625 0.3921875 0.06875 0.1171875
0 0.35546875 0.30859375 0.065625 0.0828125
0 0.246875 0.30859375 0.090625 0.1171875
0 0.53515625 0.6921875 0.0953125 0.159375
0 0.70234375 0.70546875 0.084375 0.13125
0 0.70546875 0.87421875 0.125 0.0984375
0 0.6015625 0.89609375 0.06875 0.0765625
0 0.63828125 0.10390625 0.09375 0.1328125
0 0.5171875 0.15 0.0828125 0.1390625
0 0.78125 0.30234375 0.146875 0.2671875
0 0.79375 0.07578125 0.20625 0.1515625
0 0.403125 0.47421875 0.053125 0.0453125
0 0.53359375 0.5421875 0.05625 0.0640625
0 0.503125 0.44921875 0.053125 0.090625
0 0.76171875 0.60234375 0.1421875 0.309375