0 0.6805595851328903 0.05104888734590335 0.14675388648947968 0.050220818388611234
0 0.4127889851974887 0.444630660712917 0.11912953423772628 0.0573787017473613
0 0.3304714312200057 0.6547492367009726 0.213119366131414 0.08764938962701407
0 0.21080167643964373 0.7395944025447918 0.11926923658176465 0.08390483415618064
0 0.3281813386858598 0.8369986922480559 0.13665699568106335 0.08742987765916688
0 0.28943781616832587 0.7578553996950003 0.04282785009228505 0.035320557370694415
0 0.43651307526762445 0.7581489532659725 0.06686612739018098 0.04524107123840295
0 0.5518562754521946 0.6919810522397922 0.1414841980251019 0.11406511284152784
0 0.7131175431893666 0.8616064872696534 0.15384449568106326 0.08782992116215312
0 0.759135454198965 0.5708366701153131 0.1221729935215949 0.12921733415618064
0 0.8014461767441855 0.21582251500507016 0.15803134793281687 0.08012652393569457
0 0.8562419031469174 0.11773116033166739 0.13040699568106326 0.08728440729444453
0 0.4970857510797342 0.03269501158659764 0.12926599784053164 0.04513327488562511
0 0.029904238898116546 0.7224939022604515 0.05980847779623309 0.14098998233256949
0 0.21169685456810522 0.42038980765503486 0.06846820018457009 0.07024107123840295
0 0.006409176052047552 0.954878429853698 0.012818352104095104 0.0902431402926041
0 0.9601691371077884 0.16865984032753553 0.06674501387966032 0.09204333605604172