0 0.8575039261016743 0.4281918306662954 0.28499214779665144 0.2751744848837216
0 0.6451847486798518 0.43845391194167427 0.16612040815498563 0.18843834361388012
0 0.4956333780675961 0.40968496915835984 0.08667694906292792 0.1381193661314139
0 0.4041816639609734 0.413980047812845 0.050102951570210406 0.11394138648947952
0 0.5767062186589692 0.23699034392764712 0.10157452335696497 0.11412066162790727
0 0.6340233105039836 0.06644191741417424 0.12306909012915454 0.13288383482834848
0 0.49741220909205774 0.031044039174971737 0.10419941818411545 0.062088078349943475
0 0.4263197737526764 0.23332153069398193 0.07125052586424747 0.0903432001845701
0 0.3592663175636125 0.32293354565337673 0.050830377276173254 0.13894138648947968
0 0.30037470236163316 0.3971510980897003 0.027409597651002128 0.0844145727943892
0 0.3422870692129652 0.46569154457364254 0.04106292069139794 0.0712532387412331
0 0.49677364390271367 0.583372793032483 0.10691524122451135 0.08327117982650449
0 0.4036768617702601 0.5580304364617931 0.06495506175762475 0.08838018198597286
0 0.7002456363808663 0.6360810811277207 0.24885870031656906 0.1375953392949434