0 0.459375 0.7885117981131874 0.1609375 0.4229764037736253
0 0.61484375 0.5181580056291897 0.121875 0.17244856909549372
0 0.5921875 0.3499023421434889 0.0625 0.1066643303053814
0 0.49453125 0.4552119822913305 0.0609375 0.12372428454774678
0 0.3984375 0.4247116681968065 0.05 0.13689396424430508
0 0.39140625 0.552262712287451 0.03125 0.05411341515269079
0 0.4390625 0.5303716078953045 0.0453125 0.06619882697140156
0 0.734375 0.9154152560882316 0.05 0.08220646424430526
0 0.58515625 0.8532346362341334 0.059375 0.08609673879011233
0 0.82109375 0.28030654563694835 0.334375 0.22729479213379059
0 0.8296875 0.6896017973039383 0.0765625 0.15312474212409236