0 0.1681775913460912 0.4616057279641665 0.1393809775802247 0.12176851006798621
0 0.13279755604943827 0.293220057086354 0.09537588606495562 0.11762521751493064
0 0.32527287210081623 0.5335865646857983 0.07305460485118864 0.07343880642076392
0 0.2176679240673686 0.6195260243169443 0.05248701333591956 0.06984102773541671
0 0.01722022453610888 0.5413146778116666 0.03444044907221776 0.09237064437666671
0 0.3401957257440569 0.3507740646857983 0.10660017061270252 0.17870818787965287
0 0.43847385801599065 0.3695402888502427 0.06396664727484325 0.05763196846486114
0 0.44210865423266715 0.24859200921496488 0.062244650608823095 0.07474673328250007
0 0.5199311521066352 0.37466224031326345 0.03469373545613248 0.04291485182361114
0 0.3884733422641751 0.21786999249746491 0.0835775166698995 0.08771951196784729
0 0.3982482443708103 0.6044062513311802 0.06109673879011233 0.060684233282499986
0 0.5313627307450266 0.3205923361529509 0.05618609818322895 0.038736498100138926