0 0.9128459926798176 0.47170684222037884 0.1743080146403649 0.4503771391103733
0 0.8204072380649061 0.530342560142121 0.10623291335136287 0.1395211798265045
0 0.7209703120623608 0.5052343337393891 0.06206474267981754 0.10078005243632351
0 0.7314731020846325 0.6698475462624603 0.10961245202099903 0.1615964389258032
0 0.757833418045816 0.38581250770579745 0.11578972668681722 0.15574695712440043
0 0.6822794347151342 0.40048747454780537 0.05545111600890866 0.06912953423772628
0 0.6644385013924063 0.47741091995201346 0.05554202267663584 0.07694203423772628
0 0.6219702854073603 0.5847635425618325 0.09547722668681721 0.15444527297895938
0 0.6723611840785872 0.6215614381506108 0.07147610534690844 0.10450582973421944
0 0.6804031401177218 0.8853109484865271 0.21246582670272557 0.22937810302694572
0 0.7940687206794994 0.14534699644703047 0.07271134134309029 0.0764809592838688