0 0.5395950120741939 0.20004107459423062 0.12252352084968247 0.13106928134945378
0 0.7076941427155795 0.14884964990454982 0.11812552586424747 0.08728291868236289
0 0.4685647612162641 0.3642041192711847 0.07382995658477523 0.06802384134309047
0 0.38203857633910115 0.26439557061586594 0.07011392319868044 0.04767497867599957
0 0.18133256802583092 0.028987518658500376 0.12204013605166186 0.05797503731700075
0 0.45890363855894434 0.035100063972001286 0.09280727711788864 0.07020012794400257
0 0.651377261216264 0.36207690324636765 0.17924488229073815 0.09424199069063519
0 0.6331932140401157 0.4623223512492311 0.05797763605166182 0.060029528007635946
0 0.7541051076136249 0.4546632978994591 0.07507420783841656 0.057104522676635835
0 0.6285488296378064 0.5444354172501857 0.043096782132453625 0.03174089600572714
0 0.7844996497752085 0.39804058056177755 0.08816524122451135 0.07756247334499947
0 0.39820444860070947 0.4439558012810479 0.061011707838416473 0.05694089067472685
0 0.6826596681176085 0.5508394112428678 0.039045779625171126 0.05356135200509069