0 0.2087993678972441 0.49553512351524953 0.2392534318225902 0.12387072367353405
0 0.3160542742559431 0.367717663565262 0.13877519970043756 0.09600648495630519
0 0.25640859410034295 0.2576463301000248 0.11214905575957416 0.05626202335696497
0 0.44323826971401525 0.46494566772189716 0.18252519970043757 0.09727947994174038
0 0.3538723650223061 0.6018569828447342 0.2608733403073211 0.12138222116625172
0 0.7450236524449909 0.5719304197669611 0.17439370636839727 0.13133623119538154
0 0.9243921591129507 0.6114428638153241 0.1057076081851683 0.09192673871722903
0 0.6282191765317562 0.4586371464099962 0.0957268303053814 0.06513691818411545
0 0.5947690766815374 0.4116795783841652 0.07244882697140156 0.04731292069139794
0 0.5501263853160496 0.36127876161197553 0.0735011439408634 0.04110838479802066
0 0.4541761565278769 0.3506929511079919 0.08820137272903601 0.049330061757624756
0 0.6874989684963688 0.3255267812080168 0.06218100666795969 0.036102636051661904
0 0.7592307051604494 0.2590272544858395 0.05841827787978708 0.028199207838416562
0 0.8327956219801301 0.3009168892838602 0.09668355242559415 0.03866534639736088
0 0.9784115266718392 0.3367360319994396 0.04317694665632175 0.06909699247815268
0 0.9680477891742637 0.45717055245341076 0.06390442165147263 0.05397209765100204
0 0.8571733528943346 0.4372408341901529 0.09547173879011232 0.062011918184115444
0 0.7563126124372322 0.36649877368616945 0.0672511439408634 0.04092652837152997
0 0.6376250959365107 0.7457279694503921 0.1223529742462448 0.10488137978345584
0 0.8200879410756239 0.9075841456185734 0.35982411784875235 0.18483170876285335
0 0.5522781719898283 0.5499548167056827 0.09830969636645773 0.07768238229073816
0 0.17600374591711407 0.2178958568222021 0.05841827787978708 0.028199207838416562
0 0.4769603390993731 0.23834371529375692 0.05634559484924893 0.021903743731793844