0 0.8361345148871961 0.2871132781627363 0.14921240363849114 0.1925654735504664
0 0.6646747377988909 0.23583295727134068 0.15182798138875028 0.18180998407381016
0 0.8660427243549277 0.895798033424408 0.10691358767505647 0.15426183674699842
0 0.8260041135205073 0.688554680821807 0.1114897717116218 0.11868835779368574
0 0.9738818026241699 0.910299420157289 0.05223639475166024 0.06623121572854593
0 0.7284229079772082 0.984004210219819 0.08110875889134021 0.03199157956036203
0 0.690284937341825 0.6853247230563563 0.16469616252983138 0.25735601564384114
0 0.5933606257216164 0.47788467840273263 0.06468323821317572 0.050515210466873836
0 0.5622497127775004 0.3786813389543112 0.044516287427387446 0.05245714206513989
0 0.6680481025622527 0.42535818885548926 0.0856892510334573 0.10004477360693613
0 0.972082669354257 0.3687867543440386 0.055834661291486044 0.1414132262518895
0 0.4757878279551468 0.4126020416698518 0.0880522717116218 0.11732327886860805
0 0.588283635646414 0.6365316363093579 0.04302656203449331 0.053928636803468065
0 0.8151243097581817 0.4549609308218071 0.07100601282028159 0.05244173151356133