0 0.5453125 0.40625 0.1828125 0.1046875
0 0.2875 0.53515625 0.240625 0.1109375
0 0.3859375 0.73984375 0.1609375 0.15
0 0.1359375 0.48125 0.065625 0.05625
0 0.67265625 0.62265625 0.1546875 0.2
0 0.5140625 0.92421875 0.4625 0.1515625
0 0.31484375 0.41484375 0.1 0.065625
0 0.2140625 0.4015625 0.0578125 0.034375
0 0.06875 0.4046875 0.0703125 0.0390625
0 0.703125 0.3796875 0.08125 0.05
0 0.59765625 0.33984375 0.0921875 0.065625
0 0.76328125 0.33515625 0.10625 0.065625
0 0.80078125 0.4265625 0.0953125 0.06875
0 0.975 0.9234375 0.05 0.153125
0 0.921875 0.53984375 0.115625 0.075
0 0.70390625 0.240625 0.0765625 0.04375
0 0.02578125 0.58125 0.0515625 0.109375
0 0.0265625 0.49921875 0.053125 0.0515625
0 0.01953125 0.453125 0.0390625 0.053125
0 0.359375 0.3265625 0.25625 0.08125
0 0.2453125 0.7703125 0.0703125 0.1140625