0 0.45703125 0.6 0.16875 0.10625
0 0.39375 0.93828125 0.159375 0.1234375
0 0.5578125 0.73984375 0.1859375 0.1203125
0 0.3765625 0.72109375 0.1421875 0.1234375
0 0.18046875 0.74140625 0.2015625 0.16875
0 0.16875 0.5265625 0.1671875 0.1296875
0 0.34140625 0.49921875 0.115625 0.078125
0 0.78515625 0.91171875 0.1484375 0.13125
0 0.67109375 0.98046875 0.1046875 0.0390625
0 0.5328125 0.96171875 0.134375 0.0765625
0 0.6046875 0.82265625 0.225 0.1359375
0 0.60859375 0.63359375 0.1234375 0.0859375
0 0.4453125 0.48984375 0.0609375 0.0609375
0 0.37734375 0.4671875 0.059375 0.040625
0 0.22734375 0.4515625 0.10625 0.084375
0 0.14375 0.42890625 0.0671875 0.0515625
0 0.228125 0.61484375 0.1234375 0.0859375
0 0.33203125 0.55625 0.115625 0.078125