0 0.4046875 0.42578125 0.1421875 0.2140625
0 0.29140625 0.378125 0.115625 0.1828125
0 0.81015625 0.28203125 0.3796875 0.5484375
0 0.58125 0.534375 0.1328125 0.159375
0 0.61328125 0.35859375 0.103125 0.153125
0 0.5234375 0.3359375 0.0640625 0.1046875
0 0.41640625 0.15859375 0.159375 0.253125
0 0.53359375 0.08046875 0.10625 0.109375
0 0.41484375 0.93203125 0.1828125 0.1359375
0 0.33046875 0.7953125 0.10625 0.1328125
0 0.44453125 0.803125 0.0625 0.090625
0 0.50546875 0.7953125 0.075 0.1203125
0 0.58828125 0.83984375 0.0984375 0.1234375
0 0.53515625 0.90078125 0.0390625 0.0546875
0 0.20390625 0.58203125 0.0671875 0.10625
0 0.0765625 0.790625 0.05625 0.078125
0 0.07421875 0.43125 0.034375 0.0296875
0 0.13671875 0.353125 0.0515625 0.04375
0 0.10859375 0.2234375 0.0515625 0.0703125
0 0.1546875 0.10546875 0.09375 0.1109375
0 0.12421875 0.2828125 0.05 0.053125
0 0.028125 0.278125 0.0359375 0.04375
0 0.0046875 0.34375 0.009375 0.04375
0 0.08984375 0.3328125 0.0453125 0.0390625
0 0.1 0.3734375 0.028125 0.028125
0 0.01875 0.39921875 0.0375 0.0390625
0 0.04609375 0.11875 0.0328125 0.034375
0 0.04921875 0.21796875 0.0375 0.034375
0 0.19296875 0.8328125 0.2234375 0.334375
0 0.865625 0.74609375 0.171875 0.1859375
0 0.70390625 0.7125 0.0953125 0.1171875
0 0.6234375 0.6484375 0.065625 0.09375
0 0.42421875 0.70390625 0.0890625 0.0921875
0 0.5 0.62109375 0.0375 0.0734375
0 0.5375 0.69296875 0.053125 0.065625
0 0.45078125 0.590625 0.0625 0.071875
0 0.15703125 0.44140625 0.0421875 0.0875
0 0.22578125 0.37578125 0.05 0.0734375
0 0.22109375 0.4859375 0.0484375 0.0796875
0 0.228125 0.20390625 0.1171875 0.2140625
0 0.1625 0.246875 0.0203125 0.0296875