0 0.6909698066155727 0.49538011559441025 0.12454862141421189 0.07939917211208361
0 0.6690328084296713 0.537803351726702 0.14864088584218216 0.09869468597979178
0 0.45271836078407474 0.8036419848011114 0.3115823738612827 0.24924281268902818
0 0.5090179129688422 0.42635409260864626 0.08957342068857237 0.06141158510611113
0 0.3130457032575281 0.5146859747331252 0.0868849303072194 0.07383884992375016
0 0.6429886967189242 0.7979225809251395 0.1248760036281972 0.08877417211208324
0 0.6478993968115915 0.6926538526766325 0.14357143992586624 0.08764808320625014
0 0.0752133426430894 0.3655172036472223 0.10289187622353535 0.08514002583555555
0 0.513623567415346 0.4241194453821879 0.09146330290255769 0.0708229526972918
0 0.30696928493120834 0.2959723423243058 0.19071925843752044 0.09655161094166687
0 0.18438744600113402 0.3399561188254515 0.07362103847458741 0.05167290919430565
0 0.13579368937771202 0.28964634109003484 0.05777778366526398 0.045059233282499986
0 0.5410342608845913 0.2701956647969796 0.09754961179556502 0.06628092306201391
0 0.6315129279449667 0.24576066888104217 0.09431548439090331 0.06308318787965286