0 0.4192102611928181 0.5110614852800934 0.07693871551297508 0.15704997867599957
0 0.07246473597804745 0.4877358099936366 0.10111984396167766 0.1417158800127268
0 0.30361515942922435 0.37873133796150177 0.08713258706427265 0.17278406667727228
0 0.2841259322691458 0.5587551926320925 0.10169969810012063 0.122984061346272
0 0.22347611657445654 0.7439483526416375 0.13894074852966193 0.17807155068427197
0 0.43090351424503587 0.8087631886139569 0.10300989258219673 0.147984061346272
0 0.4936038308442363 0.6477796879376393 0.057130826548823066 0.10684998400699967
0 0.18196373021229628 0.11592334997613747 0.1081953595655099 0.1277442866804539
0 0.06771752374443261 0.20324263132559128 0.06889384215265537 0.0929329346753632
0 0.06176517412854541 0.34324092266072753 0.09355964947960164 0.11664315467854491
0 0.23216620533620985 0.3131159759707286 0.09699226594251656 0.21193747334499946
0 0.4181346828349727 0.35629216927913887 0.06535276232447185 0.11475339067472685
0 0.5244233836486268 0.549705267266094 0.05270227611928178 0.052144302673454136
0 0.5328776927845954 0.6215257232654576 0.03099105042954129 0.055014764003817974
0 0.5172194725219217 0.7702359432686393 0.06741322930778501 0.09447725334181775
0 0.5217642096316231 0.8569546932686393 0.040693599050060314 0.061373852005090865
0 0.3571550757558536 0.7291035079567292 0.06527087516934209 0.11319089067472703
0 0.4362859758012821 0.6429745566120479 0.05861143939369349 0.10530566534054522