0 0.7039329260351673 0.6852183072431058 0.2596263672470435 0.23818035239083954
0 0.4287821618494023 0.6372156338196964 0.10171091567683313 0.11823333148532651
0 0.5774122269722394 0.5452618942018657 0.12693823620994635 0.12750191567207594
0 0.7098884431904331 0.38061410722898836 0.2197287929530063 0.2608142155873715
0 0.8893700400500124 0.43519373336793843 0.2212599198999751 0.30859926820408995
0 0.38962769978784373 0.9215588761742437 0.13588733887551357 0.15688224765151268
0 0.2873100641984002 0.5463036655309017 0.06271060015828453 0.0644867052052021
0 0.33936900620169913 0.4323468523202524 0.07625627461060622 0.1011522472985769
0 0.287329133082161 0.4129374286850814 0.053153743731793844 0.057690673635170955
0 0.3574022891920826 0.30158967598365827 0.09145537727617326 0.14103379465362353
0 0.40315270988348056 0.37288782331047005 0.07709134890464338 0.07624325256024873
0 0.43783994695135686 0.3320121943289226 0.05265363855894432 0.040503173635171044
0 0.5649312958560001 0.41116761526267054 0.1027733105039836 0.10113683674699843
0 0.26696515729705583 0.35637661554501915 0.057522994985435005 0.04702618942018653