0 0.420118427426852 0.10514683808409067 0.2972631451462959 0.21029367616818134
0 0.707804355136528 0.12200979684694402 0.19921662441111074 0.19281930047485368
0 0.5105890196038894 0.25632627553504306 0.2651546912348145 0.14486518527287434
0 0.38660613251611187 0.39084969121187607 0.1613461860510183 0.13405205423577735
0 0.583442884825186 0.45681435735092757 0.13204966531583312 0.10202916442319179
0 0.6416081163990752 0.5579844007661523 0.1329286601320369 0.0942621285298145
0 0.21126579698347325 0.5245296724072576 0.13605366013203685 0.09435305674305994
0 0.3480146498109271 0.5914634566512823 0.10962786116879615 0.09514266693047428
0 0.26790890183717736 0.7410746632360576 0.11288956220555538 0.09679609514371953
0 0.4762866213000475 0.6305904896416658 0.14443208812453676 0.1366769490629279
0 0.749644791799677 0.5166570556224326 0.12064327360990709 0.11416545157021041
0 0.909429186380325 0.44499134112009847 0.1075964694628702 0.10755173871722903
0 0.8534341731380103 0.5416904963720903 0.10425685598499967 0.08719377461060632
0 0.8993200374643525 0.2933295527194388 0.12324059330833315 0.1438529515702104
0 0.1231095605086118 0.3564365534443546 0.11419778397749977 0.129563131037097
0 0.15124553949060277 0.4623766648854103 0.11919835080120356 0.07983591567683312
0 0.4257603580577329 0.7271305205204781 0.12687414976444433 0.07850073620994635
0 0.5603110153150477 0.7123058394042389 0.05831963939685174 0.060920779625171305