0 0.36171875 0.37411875266550004 0.7234375 0.7482375053310001
0 0.7011726625343405 0.6875576139004137 0.11352746071058561 0.15748633068109025
0 0.8704622415229446 0.20459856854714187 0.21771415467194863 0.28206925469445326
0 0.7212498378844534 0.39060988856623186 0.08699919396136266 0.1243829293443632
0 0.7624356100103599 0.4283911518937321 0.06483309553293921 0.11787839067472702
0 0.5860763554622459 0.6607871232495492 0.13358740363849114 0.18582950668363551
0 0.728906018406362 0.5615218252307774 0.08300089867609248 0.10559656667727228
0 0.8440344046764576 0.6546622032145508 0.08623721463952734 0.14155224801081764
0 0.6923647810217558 0.9101956825668683 0.09975605913900906 0.16357269867918092
0 0.543548445413614 0.8697626812540037 0.1459760876750565 0.15005563868554467
0 0.5336404443801567 0.9651388159214127 0.0823073858558109 0.05717724801081765
0 0.597450503104881 0.6512848539147311 0.13169957195929066 0.21235564401654478
0 0.8386277748165029 0.536039472549369 0.08158394789030403 0.10870338534372674