0 0.30908390942922437 0.3870768547058129 0.6068673914505429 0.5585287094116258
0 0.8373018419255128 0.5321100799457513 0.2401756999091429 0.17434898376465036
0 0.9096350288328153 0.4102953555132965 0.1807299423343693 0.29556941882984217
0 0.7507988551544958 0.6687549176087308 0.12004690637700648 0.08639324188232518
0 0.6364187726127788 0.6160236095737815 0.09455558344622812 0.07658186525911966
0 0.5505399898232347 0.16883891801576797 0.21755707146044045 0.1895648806803952
0 0.5425149643813214 0.5667718575451867 0.05977114767057934 0.06816934740221221
0 0.9258198665744566 0.761571483354318 0.10466756784239592 0.09080800649282175
0 0.8254104307988077 0.7520134768614962 0.10162445499752551 0.09231595941492117
0 0.9662158152404039 0.6834425292144026 0.05476274310259512 0.03217730032431163
0 0.4467664523955338 0.6759365775134146 0.10845430913596861 0.0737023271096728
0 0.2814004019659925 0.6184126294625792 0.14504690637700665 0.08682961850553053
0 0.24088826661988505 0.6645376071414448 0.16749511646291487 0.09814894805083547
0 0.3714289376962127 0.7128677873353727 0.10730124491161738 0.08148755357072232
0 0.3288530133405247 0.7940808311668626 0.07942855042954129 0.056023903408566514
0 0.3760455958822416 0.8456393770269471 0.058379066033373485 0.041606847402212564