0 0.13671875 0.6453125 0.265625 0.1328125
0 0.47109375 0.721875 0.1296875 0.1125
0 0.6859375 0.575 0.1578125 0.0453125
0 0.85 0.66171875 0.1359375 0.0890625
0 0.9046875 0.46015625 0.1234375 0.078125
0 0.41171875 0.43515625 0.165625 0.0515625
0 0.09453125 0.471875 0.084375 0.04375
0 0.075 0.43203125 0.0734375 0.0265625
0 0.375 0.365625 0.10625 0.0296875
0 0.5109375 0.3671875 0.053125 0.0203125
0 0.43671875 0.346875 0.0671875 0.01875
0 0.72109375 0.34765625 0.0703125 0.0296875
0 0.16875 0.3265625 0.0765625 0.0328125
0 0.25625 0.346875 0.05625 0.0296875
0 0.06171875 0.39140625 0.109375 0.025
0 0.3546875 0.70234375 0.0625 0.059375
0 0.38515625 0.32265625 0.075 0.025
0 0.4875 0.3328125 0.071875 0.01875
0 0.53203125 0.30234375 0.0484375 0.0171875
0 0.62421875 0.375 0.075 0.034375
0 0.07421875 0.28046875 0.0765625 0.0265625
0 0.190625 0.25078125 0.08125 0.0265625