0 0.8040933636906422 0.5163056784280179 0.1445984104104042 0.1290810696514182
0 0.7263771583442656 0.4331456976498947 0.08276626834526439 0.08378185775648764
0 0.6841720607209878 0.16820677238969556 0.08431335779368573 0.11034435775648758
0 0.7275341948230327 0.05221992424414638 0.0808397472985769 0.07744997060135783
0 0.5421295029131846 0.26677814846354886 0.06612479991529537 0.09225609905006031
0 0.5653101267036474 0.3769410425160835 0.05905575256024882 0.07786605042954128
0 0.4839705794897752 0.5432078516520521 0.053913226251889414 0.06980788896415202
0 0.6213656217243242 0.6715298462249852 0.1472529735504665 0.14791295680654795
0 0.4954485928557162 0.760688600747541 0.05925317363517095 0.05451043758467104
0 0.5036089743269253 0.6473254635924113 0.06632222099021767 0.06890048620519007
0 0.4272816927568942 0.6606719906162042 0.07234397881213823 0.14554487336031982
0 0.5740983816829706 0.07895392186929719 0.07504477360693614 0.08493492198083882
0 0.7180479898295922 0.3354451820460625 0.09168624203690498 0.07646068068726608
0 0.5688306978773918 0.5037115824301752 0.09057876834526439 0.08419129353213642