0 0.440625 0.7078125 0.19375 0.1046875
0 0.67578125 0.80234375 0.21875 0.184375
0 0.65390625 0.62734375 0.140625 0.0515625
0 0.5265625 0.57109375 0.1390625 0.075
0 0.3875 0.5984375 0.1109375 0.0484375
0 0.32890625 0.515625 0.08125 0.046875
0 0.1109375 0.63984375 0.0828125 0.059375
0 0.06171875 0.90546875 0.1234375 0.11875
0 0.2734375 0.903125 0.1546875 0.08125
0 0.86875 0.6796875 0.0796875 0.0796875
0 0.85390625 0.60078125 0.0859375 0.0359375
0 0.67734375 0.54453125 0.1265625 0.06875
0 0.5828125 0.4640625 0.046875 0.0296875
0 0.18984375 0.60234375 0.0609375 0.065625
0 0.24140625 0.51953125 0.0671875 0.0359375
0 0.9390625 0.8546875 0.121875 0.11875
0 0.7921875 0.58671875 0.0453125 0.0609375