0 0.21297825040044654 0.7801637079852151 0.15968646590774283 0.20324169961943922
0 0.3853169005626023 0.7997228384038321 0.16105805113509045 0.19236786661563343
0 0.14770861728771462 0.17614205285201878 0.11520008035608362 0.1592715237259962
0 0.19967804058178365 0.3765121259699927 0.11775233603812651 0.12658635771838495
0 0.03445464082666495 0.18232041007611216 0.06367276217486462 0.06973417984777566
0 0.27753071063273704 0.0441996916735927 0.08401253571381498 0.07212435079830275
0 0.33376666842280506 0.354630514297275 0.17958195454365705 0.26963070357377183
0 0.44261733725264724 0.5440829920541536 0.06652502678536117 0.05423651384016441
0 0.47864238635914286 0.637213568137877 0.04780230032431163 0.055035009885831696
0 0.371065665580136 0.6103247573771927 0.09083528003177203 0.10519151878308045
0 0.06425833238138326 0.7252427391255851 0.08216939204448095 0.145434516805914
0 0.5629940669601078 0.5876499668452826 0.09426028896022594 0.1225063527754692
0 0.43825929951023734 0.383990409050348 0.04623980032431163 0.05497134288963741
0 0.22405429788538428 0.6084969550194655 0.07280230032431154 0.0560536818249421