0 0.234375 0.56640625 0.1296875 0.1171875
0 0.0390625 0.64765625 0.078125 0.1234375
0 0.021875 0.784375 0.0375 0.0859375
0 0.18828125 0.7203125 0.1046875 0.0875
0 0.2640625 0.7171875 0.028125 0.04375
0 0.3375 0.75390625 0.0484375 0.08125
0 0.44140625 0.61015625 0.1453125 0.121875
0 0.7671875 0.6125 0.465625 0.253125
0 0.440625 0.4015625 0.115625 0.09375
0 0.346875 0.5109375 0.0734375 0.0421875
0 0.10078125 0.54140625 0.1046875 0.040625
0 0.6015625 0.8046875 0.0390625 0.05
0 0.5359375 0.7984375 0.065625 0.075
0 0.14453125 0.91328125 0.0625 0.084375
0 0.10546875 0.81796875 0.04375 0.0453125
0 0.078125 0.76484375 0.0265625 0.03125