0 0.2971700557281465 0.6235325519458693 0.21038197241000384 0.21135806006354424
0 0.28765867958942914 0.38103140624794046 0.11906251324684387 0.10045574188232517
0 0.19638140436168572 0.3309711306803952 0.09984128729346105 0.1313511858759707
0 0.4086904314035277 0.3401490819776415 0.08608632213985139 0.09519549756436803
0 0.7974429404740204 0.1319600754815244 0.40500499164729753 0.23973997889338636
0 0.4327255766947207 0.8779455422066367 0.26029269237293706 0.24410891558672673
0 0.1031224445655536 0.5615159728076017 0.05766865626060227 0.04160684740221221
0 0.028425067245709913 0.5000096826295598 0.056850134491419825 0.04941934740221221
0 0.3059573010036411 0.3047416416374438 0.05766865626060227 0.04160684740221221
0 0.016615809167084515 0.2293017163147799 0.03323161833416903 0.035002291395857824
0 0.06973211352484561 0.21931879017804184 0.03061508293962456 0.027080697240056482
0 0.12223955463183818 0.21554495373287824 0.028090283665263983 0.04421365016215582