0 0.2596769844891221 0.453828942344965 0.43874578453190327 0.17097495516583372
0 0.5606680578961549 0.6024605852030204 0.1681764193542568 0.12565722948277785
0 0.72601907609312 0.575931186742291 0.10447348428423435 0.06486389342673622
0 0.6081894131490039 0.48091158710288145 0.1215882096771285 0.06370143692972227
0 0.6263700248119937 0.38429050703076334 0.13514128742738746 0.05309124525034736
0 0.49791753908001724 0.380241399507569 0.05301799214211726 0.032450130508958355
0 0.5259184145967459 0.4272975842530899 0.06461046360606985 0.04676720364722229
0 0.17873531533975298 0.7310109978157985 0.08045378742738744 0.05181837955902786
0 0.22178534036114356 0.5806284848980207 0.08401543507002263 0.06126611474138901
0 0.824961806034128 0.8027826678405896 0.21557376592065366 0.33903005167111144
0 0.41676831637321027 0.8208865429343053 0.15044095574818694 0.07998105357097245