0 0.7377488402177941 0.5360196717669653 0.28320822794389144 0.27024625809787717
0 0.6076958906515328 0.28288486160378457 0.3104716347914366 0.2831965439906485
0 0.5411055752583993 0.4810515196970172 0.13311049352159507 0.1360344336130419
0 0.4343864034514592 0.40827871575761376 0.13990071406423077 0.169202131123531
0 0.43597228253968323 0.23701902239630962 0.1292845866740498 0.12486013527271585
0 0.4126289242709502 0.5465249995757928 0.1037839389258032 0.11515324855010753
0 0.4705298642764875 0.6292773773753314 0.11412066162790727 0.10660704274124874
0 0.2534239049926187 0.5735046645175027 0.08297079117755661 0.10580155933798814
0 0.23913326264304297 0.4607562107832363 0.10029799352159499 0.13354805103961845
0 0.27974896822628387 0.42078148360375317 0.04196625693983034 0.04827247925407559
0 0.25614268506829185 0.3464210236457094 0.07219397748246603 0.08321616431701004
0 0.31100016578996037 0.3571800022750851 0.07089229333702489 0.06290366431701004
0 0.18221383173680425 0.38106963339861605 0.09084384793281672 0.08307445435896632
0 0.1874193707548925 0.5235531313240236 0.0873579025286086 0.10146925684847723
0 0.207869177971578 0.6711618371328825 0.080306866131414 0.0884956601678251
0 0.16326927436323524 0.5999622659720396 0.06790699568106336 0.08911096680652086
0 0.13607691625138568 0.543144503524485 0.054466256939830336 0.04921967261537983
0 0.05756189003322394 0.5184773128624731 0.05204216378737556 0.05992037427505377
0 0.22521496914913453 0.7703330429417413 0.05486677513842757 0.05546967261537983
0 0.8942389582041347 0.23640706761313596 0.21152208359173058 0.25012208963168214
0 0.5555847871631616 0.6824956205268542 0.15176036397194573 0.1358927236549981
0 0.13505343923034496 0.6374272997902185 0.054866775138427616 0.05546967261537965
0 0.345383262643043 0.4527050672121506 0.11113536397194572 0.13281434523075966