0 0.26015625 0.646875 0.3140625 0.05
0 0.44765625 0.7328125 0.15 0.084375
0 0.58359375 0.68671875 0.1234375 0.078125
0 0.52265625 0.56640625 0.08125 0.0453125
0 0.596875 0.5421875 0.0625 0.0578125
0 0.6546875 0.496875 0.090625 0.0421875
0 0.5125 0.453125 0.075 0.0453125
0 0.44609375 0.42578125 0.0546875 0.025
0 0.3203125 0.425 0.05625 0.028125
0 0.2640625 0.36953125 0.0546875 0.03125
0 0.3046875 0.53125 0.0515625 0.040625
0 0.06484375 0.53671875 0.0984375 0.0640625
0 0.18828125 0.8140625 0.153125 0.1328125
0 0.753125 0.9640625 0.1609375 0.071875
0 0.77421875 0.796875 0.1796875 0.10625
0 0.690625 0.62734375 0.125 0.04375
0 0.4203125 0.49296875 0.04375 0.05
0 0.17734375 0.4609375 0.053125 0.0390625
0 0.225 0.33203125 0.090625 0.034375
0 0.1421875 0.29453125 0.084375 0.04375
0 0.20390625 0.5671875 0.0625 0.0390625
0 0.7546875 0.53984375 0.0390625 0.034375
0 0.82109375 0.590625 0.0359375 0.0515625
0 0.79453125 0.70703125 0.05625 0.04375
0 0.8234375 0.63359375 0.046875 0.0546875