0 0.4296875 0.109375 0.278125 0.21875
0 0.7203125 0.14296875 0.1828125 0.1875
0 0.534375 0.271875 0.253125 0.1375
0 0.421875 0.403125 0.15 0.1296875
0 0.625 0.475 0.1234375 0.0984375
0 0.6921875 0.578125 0.125 0.090625
0 0.2578125 0.53203125 0.128125 0.090625
0 0.40078125 0.603125 0.1015625 0.0921875
0 0.33359375 0.75078125 0.1046875 0.09375
0 0.5328125 0.64609375 0.1328125 0.1328125
0 0.796875 0.53984375 0.1109375 0.1109375
0 0.95078125 0.47265625 0.0984375 0.1046875
0 0.903125 0.56796875 0.096875 0.084375
0 0.92734375 0.3203125 0.1109375 0.140625
0 0.1546875 0.3609375 0.103125 0.1265625
0 0.1921875 0.46796875 0.1125 0.0765625
0 0.490625 0.74140625 0.1203125 0.075
0 0.62421875 0.73046875 0.053125 0.059375