0 0.8673603471997549 0.5718120624825407 0.2652793056004903 0.3926949315119506
0 0.8946289175264532 0.951627313802689 0.1741038998870607 0.09674537239462211
0 0.7509706518120247 0.8821094018202725 0.15954014192396554 0.19494409012915453
0 0.6291040861117139 0.7849723258768828 0.16521328925077744 0.23878501834239999
0 0.5315773677523321 0.7174007294795219 0.093763952503779 0.13687552586424748
0 0.5289165573842801 0.5511990679593239 0.06116428413027997 0.08601170783841657
0 0.6861250287274336 0.25082229790106425 0.09705555247554418 0.1666084899708701
0 0.8138559156014888 0.22100206875074674 0.1374677208490432 0.2176996285298145
0 0.9459796289109603 0.16652282040009941 0.10804074217807944 0.12827341567683304
0 0.4921552208490433 0.2280199807331631 0.06400085779368574 0.1079321719450392
0 0.4370504918957307 0.23265600494805794 0.04472023677523325 0.07149456677218975
0 0.4464449626035997 0.5948150241483878 0.11390839448421435 0.26848923871722885
0 0.39178828370675683 0.5401897086298393 0.05242632096198276 0.09667642319868044
0 0.35023084428657025 0.48282583801758366 0.07235938936371689 0.11753449247815269
0 0.3942230389684287 0.5418204047897733 0.05462585779368574 0.10765938730530315
0 0.30662505745486734 0.4706380750854599 0.02845819994353027 0.060102425705962935
0 0.42291021011393803 0.44516436513547236 0.04415879465362345 0.08863660266556703
0 0.36317962336693976 0.34359585345698984 0.02883763154179624 0.03983538981258557
0 0.391032336605824 0.2593943496960661 0.04472023677523325 0.07149456677218975
0 0.3911835260260106 0.3155534214828208 0.023513094710093264 0.028761497492717503
0 0.3122541601986427 0.3530330379384414 0.031037168373499215 0.05081835391920819