0 0.56796875 0.840625 0.3640625 0.2984375
0 0.159375 0.5859375 0.171875 0.2046875
0 0.521875 0.54140625 0.184375 0.1046875
0 0.63515625 0.35625 0.2890625 0.0984375
0 0.69609375 0.46015625 0.1234375 0.0734375
0 0.80546875 0.4875 0.0609375 0.0671875
0 0.840625 0.609375 0.08125 0.065625
0 0.7578125 0.678125 0.096875 0.0953125
0 0.8 0.7828125 0.05625 0.0484375
0 0.34296875 0.421875 0.09375 0.053125
0 0.38984375 0.62578125 0.05 0.0703125
0 0.3984375 0.33125 0.171875 0.0703125
0 0.4765625 0.275 0.18125 0.075