0 0.5761936517475172 0.697247801331963 0.04833402372599629 0.11428267589344294
0 0.7759681586675995 0.7219745928152752 0.061568852775469196 0.09454317885919253
0 0.6970035588578799 0.6469374421307033 0.05248301285158128 0.06297484387822046
0 0.7622173819758539 0.5957622612943444 0.05550985376405215 0.09897601087441502
0 0.9052949254363323 0.4005558961615856 0.11905770060802254 0.1655215237259963
0 0.965620977299768 0.593162548823324 0.06875804540046389 0.11781885277546902
0 0.8853922382113641 0.6995173195835707 0.056915844866803414 0.05691584486680377
0 0.8411209733826164 0.6308919949827221 0.04948534684397003 0.0659725098858317
0 0.6339464378308032 0.8662723739556452 0.04658052273741298 0.10953150889724839
0 0.49476192102488914 0.7921239026245572 0.049259853764052154 0.09872134288963749
0 0.5605991211386199 0.9482983067691704 0.028536176882026254 0.04951983893530461
0 0.568654360264205 0.8963219712939068 0.02464717292769336 0.03064250494291585
0 0.503347695245177 0.9068084851340714 0.017280341901054187 0.041261669961944136
0 0.4561026221272031 0.9572514955141948 0.030035009885831698 0.04802100593149916
0 0.3816716720134724 0.8014272598486507 0.03309634288963732 0.046585839923887915
0 0.35661202771750994 0.5129059293163031 0.02687551779449713 0.08533000494291584
0 0.39636293581645576 0.4705937539171517 0.03086268083635879 0.06833350593149916
0 0.5253355114058875 0.42855880973491994 0.05114068874502422 0.10659750988583169
0 0.5179010603035736 0.26530939323301717 0.02971667490485963 0.04020850593149898
0 0.5113672174139363 0.22018789422160032 0.032523339923887916 0.032523339923887826
0 0.5543174268820261 0.03738265313743942 0.06169618676785795 0.07476530627487885
0 0.5753952253226016 0.25514121437382464 0.036603344866803764 0.05608817391627659
0 0.4761153972988931 0.6801969055903069 0.04805018083635879 0.06903384288963732
0 0.3452049314050125 0.8475183512554132 0.02346667490485981 0.03995383794672165
0 0.3221865840667509 0.7819397722059405 0.025156508897248565 0.04314250494291585
0 0.42071426737456763 0.8569623354380825 0.04527800790866543 0.03928267589344294
0 0.49694527866891214 0.11591422969686387 0.0771938527754692 0.09517984882113639
0 0.7749575321289532 0.12101958787235938 0.06195085475263547 0.10391817885919248