0 0.4689700590831244 0.8495834363107473 0.1025119766329862 0.24613485376405214
0 0.3209709298084369 0.7239083211779885 0.0822695989738195 0.11418451680591382
0 0.4417218005337495 0.6091839293906651 0.079762848023889 0.14061968281352524
0 0.5871050760849646 0.712856710531035 0.1884494766329862 0.24963653855474383
0 0.5410730627859373 0.3387533656642314 0.12598453780340294 0.18152852570316255
0 0.43022452213274265 0.43120350942872127 0.057160496200278035 0.10847834486680377
0 0.38296766242534686 0.4456997495428895 0.03739220364722229 0.06396434091247105
0 0.33256696571197875 0.4944754891627661 0.03775587955902786 0.07958934091247105
0 0.32415309403673565 0.5871895711779885 0.045895687879652855 0.09397017589344295
0 0.23136226273034657 0.7773423858930054 0.03346842306201392 0.09658583992388774
0 0.2744433815557981 0.6062778107978652 0.023402438829583438 0.06651633794672147
0 0.33487826738309 0.29437998866847453 0.04080814437666671 0.07659167490485981
0 0.27506881592006927 0.20983389231879607 0.04244337955902786 0.07978034190105418
0 0.2383669432948956 0.2748076349044223 0.04044446846486114 0.06096667490485981
0 0.2944156151226386 0.3529445637636147 0.029506968464861137 0.060521005931498985
0 0.42772430328663197 0.06825784045536046 0.05160017401194459 0.07078734387822053
0 0.29852776576756945 0.04187972977122597 0.06231946846486114 0.061858012851581254
0 0.23336574629718707 0.5232769684025195 0.021185322188333355 0.038327670950527096
0 0.21145372549562458 0.5575737139538952 0.020241071238402776 0.06482650395433272
0 0.16833754549975638 0.662949622052841 0.020022865691319502 0.055451503954332716
0 0.22059494899447882 0.43360963193867275 0.02478310087368065 0.05876750494291585
0 0.20660714380798587 0.32903487847863166 0.018351262917777868 0.05070033695813834
0 0.25179170402847195 0.3699755548663662 0.013372822188333355 0.038009335969555115
0 0.23220655585208308 0.3378978839158391 0.015189895326597203 0.04901050296574958
0 0.17388033710288145 0.592796289543327 0.011919424961875036 0.04263316897336082
0 0.2858738036678815 0.48475297927693434 0.029397865691319504 0.05583350593149916