0 0.415625 0.1203125 0.1640625 0.0703125
0 0.45859375 0.22421875 0.159375 0.046875
0 0.73984375 0.22265625 0.08125 0.06875
0 0.92734375 0.08125 0.0703125 0.0625
0 0.87265625 0.53984375 0.165625 0.13125
0 0.83671875 0.365625 0.078125 0.065625
0 0.53515625 0.5015625 0.209375 0.1359375
0 0.3421875 0.46640625 0.121875 0.09375
0 0.20625 0.121875 0.0671875 0.0640625
0 0.23515625 0.01953125 0.103125 0.034375
0 0.41640625 0.7265625 0.1078125 0.109375
0 0.83671875 0.71484375 0.090625 0.0484375
0 0.94296875 0.86171875 0.1140625 0.1546875
0 0.51953125 0.03359375 0.1078125 0.0546875
0 0.40703125 0.01875 0.03125 0.03125