0 0.23248478267438571 0.5546513778979635 0.25949493217453845 0.19232136691824026
0 0.06013040136668879 0.39622159764365755 0.10363873035529285 0.08687386635259245
0 0.165014800457066 0.4329513266256485 0.08259848428423426 0.0694717528747221
0 0.247929884412578 0.8077278597546765 0.17555657981717357 0.19431451093324056
0 0.4319496275881525 0.6655814415641214 0.22272267824559702 0.20466554203601817
0 0.23991210070473504 0.328362279971482 0.04331766046291676 0.061366726955740705
0 0.34891891956365384 0.39351980532481556 0.15182367328319835 0.11909989745537013
0 0.3694562055432992 0.286684044957223 0.042517139784752266 0.044179226955740704
0 0.4111578620772745 0.20989736955662117 0.04698631596343468 0.03990183006601846
0 0.1939853246498871 0.27869376211101893 0.0406635413563289 0.03779252591898139
0 0.17161586497275866 0.3413400250705096 0.05003854135632886 0.03861273213953691
0 0.20240144623767434 0.21493405848236152 0.0330693651776464 0.0417965207351851
0 0.34264545657675655 0.19410556569240808 0.05309076674922304 0.03732363421305544
0 0.2800148699351574 0.2524935556076394 0.06675516046291677 0.0634172425071295
0 0.14676787634529817 0.24003109476893547 0.048985463606069854 0.049413531102777686
0 0.11616853970369903 0.29561671343060214 0.06780823821317572 0.052616443543888815
0 0.6869796916895604 0.4020685798296773 0.09822348428423418 0.07083876324231468
0 0.6681976124915593 0.3375761443443069 0.04364299214211727 0.034940927992499926
0 0.4903680190255346 0.2799959646083806 0.12460620181924557 0.10271347983046279
0 0.30982434036565276 0.33080448331731543 0.062975188998964 0.04908134043361105
0 0.25218312241635676 0.21524712530606532 0.02296661910658786 0.025351314514629575
0 0.76627123945603 0.33677647902847374 0.10291098428423417 0.07124886635259245
0 0.922925692103845 0.531592818613613 0.08092897642635144 0.10044835080120365
0 0.7450939445850444 0.5074696878409274 0.1143579065339754 0.0831432736099071
0 0.7806354923515142 0.446005216068983 0.058578787427387445 0.054921237323333115
0 0.6313226588102869 0.2272045723368068 0.05003854135632881 0.03861273213953691
0 0.6975084309361934 0.25953932723777917 0.03804796360606986 0.04845662384546286
0 0.752613307900664 0.26249894043282557 0.0526198858558109 0.06062443317629622
0 0.5863504530620999 0.3073896498109271 0.06646406203449332 0.0571672425071295
0 0.6644732990093238 0.334011646936205 0.04178939371369381 0.028554226955740704
0 0.6668876695636538 0.3657011443443069 0.02765411910658777 0.025761417624907336
0 0.6094216943801567 0.9145972655978717 0.1526198858558109 0.06937329952888831
0 0.2633238678682428 0.4438020607914357 0.06126713978475227 0.04581963939685174
0 0.5179729423087329 0.17176379957537138 0.0627568651776464 0.04439384043361101
0 0.5811985343270155 0.1841278070682419 0.045351041356328815 0.038202629029259194
0 0.5317421898275335 0.2102405392077788 0.043788541356328814 0.03806592799249993
0 0.37873281389652014 0.1209223439204637 0.05152826674922304 0.03718693317629618
0 0.3886448914418913 0.5262058747404175 0.06413958271265771 0.07408134043361106
0 0.4727887591007372 0.4402595213473157 0.09106595574818713 0.0842177580585183
0 0.4350170471472971 0.14867690556037122 0.05069351282028158 0.052675232139536954
0 0.38729413730806217 0.9060205138544454 0.12973034946188075 0.11249858294074074
0 0.2656545777547682 0.9283335942032875 0.08931936517764641 0.0467177580585183