0 0.16674808174874745 0.6719957223196712 0.2286649898232347 0.16835204646340926
0 0.09381959407321931 0.7892734056274879 0.11295810266810494 0.16207818874502422
0 0.6426632078226008 0.7896143734613537 0.12834408525525037 0.12840352570316255
0 0.7922095064431198 0.7897841753247893 0.06643058344622813 0.07754667984777566
0 0.1743071969684669 0.5174528023577272 0.26682673111680744 0.15275622136826889
0 0.3590982767966503 0.48800142981059463 0.44616010628614955 0.27232325794584644
0 0.7040533299397251 0.6015612751345089 0.2979881999091429 0.18209089429596242
0 0.4686038308442363 0.6354255750579592 0.2885246687014785 0.20977022532260178
0 0.631658188034897 0.908283460419492 0.25087418249628846 0.14586955140632513
0 0.3328168170494264 0.7035919377192601 0.1277708751693421 0.11746602570316256
0 0.9171708056294656 0.5897457301539744 0.14561347241038014 0.13066636266130088
0 0.42303022274906443 0.3335102479856526 0.1995573439616777 0.1484560405319101
0 0.5443939676606817 0.40842272327107326 0.13961577792830404 0.10547536167271758
0 0.9136407711424408 0.7464732326254323 0.09521068068726635 0.09119268577927464