0 0.29453125 0.859375 0.209375 0.175
0 0.04453125 0.83046875 0.0890625 0.1078125
0 0.8078125 0.5046875 0.384375 0.24375
0 0.56171875 0.45390625 0.290625 0.2171875
0 0.21171875 0.6109375 0.38125 0.3140625
0 0.39453125 0.71953125 0.15625 0.1515625
0 0.5671875 0.7671875 0.1359375 0.171875
0 0.37265625 0.475 0.359375 0.3109375
0 0.909375 0.57421875 0.0875 0.08125
0 0.178125 0.315625 0.1609375 0.1046875
0 0.0390625 0.65234375 0.078125 0.1765625
0 0.40078125 0.9453125 0.09375 0.1
0 0.64921875 0.6546875 0.11875 0.0921875
0 0.5296875 0.61875 0.1046875 0.1234375