0 0.48984375 0.65234375 0.1359375 0.146875
0 0.11875 0.53515625 0.2375 0.2515625
0 0.23828125 0.25546875 0.1484375 0.203125
0 0.4359375 0.16484375 0.1265625 0.2140625
0 0.83125 0.52890625 0.1046875 0.2328125
0 0.65859375 0.278125 0.1046875 0.1578125
0 0.8078125 0.66953125 0.0421875 0.084375
0 0.7484375 0.63984375 0.0375 0.0625
0 0.7109375 0.5453125 0.04375 0.103125
0 0.6296875 0.51796875 0.0484375 0.0703125
0 0.89921875 0.7 0.046875 0.0671875
0 0.94453125 0.62265625 0.0515625 0.0453125
0 0.90390625 0.565625 0.03125 0.065625
0 0.53203125 0.46328125 0.1140625 0.1484375
0 0.45078125 0.48125 0.0671875 0.1171875