0 0.5515625 0.58125 0.165625 0.1390625
0 0.38203125 0.51484375 0.203125 0.178125
0 0.753125 0.65859375 0.1046875 0.084375
0 0.75703125 0.60703125 0.05 0.0515625
0 0.72578125 0.5359375 0.0453125 0.046875
0 0.66328125 0.5015625 0.0734375 0.0859375
0 0.5328125 0.76328125 0.0875 0.103125
0 0.58828125 0.51171875 0.046875 0.0421875
0 0.815625 0.62265625 0.04375 0.0421875
0 0.4234375 0.359375 0.08125 0.071875
0 0.2546875 0.33125 0.071875 0.0546875
0 0.22109375 0.28515625 0.0609375 0.05625
0 0.35703125 0.31796875 0.059375 0.04375
0 0.1890625 0.47421875 0.040625 0.0359375
0 0.0625 0.65 0.125 0.353125
0 0.63671875 0.90078125 0.171875 0.1484375
0 0.0796875 0.3578125 0.134375 0.1578125
0 0.56015625 0.45234375 0.06875 0.0734375
0 0.4640625 0.44375 0.1015625 0.0765625
0 0.3265625 0.39296875 0.04375 0.0421875
0 0.528125 0.6515625 0.0609375 0.0484375
0 0.4640625 0.63671875 0.071875 0.078125
0 0.6171875 0.45703125 0.05625 0.0484375