0 0.5132223272597306 0.5361422065961395 0.1883010733609078 0.20528857869190809
0 0.6033597153087283 0.17905005864100118 0.4589055693825433 0.35810011728200236
0 0.2109973032702302 0.4623256353039559 0.34204423870145295 0.26019534937936156
0 0.20220246391632202 0.6139699513049104 0.3974589920432708 0.32333169605345197
0 0.6719598859007319 0.7233320292409589 0.2934067440324529 0.2424442280394528
0 0.20406769263209248 0.25227847330522857 0.25777832670272566 0.2685885573679075
0 0.5234849285487326 0.8625410745942306 0.2912988040260897 0.19555104670590745
0 0.06060914131127374 0.41021024665818223 0.12121828262254748 0.1733295066836355
0 0.6598796985996395 0.4860047519096405 0.29433399204327076 0.3221317280394526
0 0.9413024212683212 0.4678883618714605 0.10943173337045273 0.27467383068109025
0 0.16751366931890974 0.10571365066040939 0.1555976613621805 0.21142730132081877
0 0.7067326858689151 0.9572706772358682 0.15861247867599956 0.07058631468809011
0 0.4347144245703681 0.7042205919398664 0.21695333203372566 0.2509283426957259
0 0.5592491585375969 0.9441450632559126 0.11044769867918128 0.09346019334818116