0 0.5746252976383668 0.4053837861241473 0.2034098079967011 0.1206785129856435
0 0.6409753748353978 0.29881045779665855 0.17455738229073817 0.09518758928453738
0 0.6474153106369976 0.8288973782513539 0.518649677751027 0.3276411736978108
0 0.437933976709542 0.567844650165451 0.14863137978345567 0.11659893912238176
0 0.6058285188711254 0.6211354711893392 0.1445970976510022 0.08529439204448082
0 0.6434852947353729 0.5345843165629566 0.09993781551854859 0.05328073295387146
0 0.8364744282797524 0.45000694481101505 0.24127352084968265 0.13383307792045168
0 0.8937293356433151 0.5755057767919518 0.10116534639736088 0.09546823295387145
0 0.06635712272382674 0.35346019074723467 0.13271424544765348 0.1680796185055306
0 0.22277094411486997 0.28736976623534966 0.12607441818411552 0.0927796095770768
0 0.19608276049134826 0.3994976193196048 0.0874378155185485 0.0530625446422686
0 0.1935284103330637 0.4604487560890799 0.11579013605166186 0.06136596834337489
0 0.13585465116186368 0.5371982167218171 0.11490959765100213 0.08477619480442442
0 0.08450275132014824 0.47718801704612857 0.050954746239076296 0.033685253246410876
0 0.4544732366721648 0.1872804427791249 0.10159124373179385 0.05643300649282175
0 0.2699344152811216 0.03511179099211601 0.07323892319868044 0.04812958279171564
0 0.6247750279758184 0.07733092411143849 0.025954746239076343 0.033248876623205435
0 0.6914109470178639 0.14878713839762353 0.040471887305303156 0.04911933847375849
0 0.8237377137109114 0.1363262743563198 0.06685253087881264 0.04333298863591426
0 0.9328566494460041 0.19688985309084567 0.10240959765100185 0.08455800649282179
0 0.7625956252311091 0.14442119237538306 0.048147994985435004 0.044568206168510205
0 0.7833149536817814 0.04957629667745416 0.03997178213245363 0.0319318384737585
0 0.7235367884006598 0.011441578736173505 0.04286946159934022 0.02288315747234701
0 0.7192464420032989 0.10457348823546778 0.03560253087881229 0.042787517856907445
0 0.677703799683431 0.10998373701765178 0.02728992570596276 0.025463650162155814
0 0.6653833076009896 0.02352408563768 0.035511602665567035 0.039662517856907484
0 0.9376016369095919 0.08748757955189533 0.03206835391920819 0.028670470779006797
0 0.8394823856559505 0.07826831250576675 0.03068771034569906 0.03489319724005644
0 0.8592469678675464 0.016235916807837845 0.03215928213245363 0.0317954707790068
0 0.184007623977468 0.14358853855648404 0.3675919799417403 0.18132746103647887
0 0.181372773489979 0.8245385296280304 0.17159751834240006 0.15448076866768617
0 0.24136520209893578 0.6681015689952933 0.11017663354437941 0.08313187418757337
0 0.3184338189502678 0.5956986891256768 0.08909124373179385 0.056214818181219074
0 0.29704586691783896 0.3914884760573078 0.08513116943775678 0.08113299756436802
0 0.36642034105359156 0.47617139326559227 0.07113085391920829 0.02935230925276535
0 0.2890622191876946 0.5048515466741589 0.06225595909205772 0.04637616801906326
0 0.40443481809233794 0.4309992151002592 0.06877874373179385 0.055860262174864596
0 0.6005586264847504 0.15818150365674327 0.08532974623907634 0.03428527110331836
0 0.6537769032069278 0.23455704302400618 0.06993206677218958 0.041825035713814886
0 0.5465554365930225 0.21612641721157963 0.07613660266556703 0.04037162986961631
0 0.8233392454476535 0.2573654772784192 0.20571645407749273 0.09260806006354425
0 0.7918141122989855 0.18685810836585146 0.02862510517284953 0.017678423701106106