0 0.65703125 0.34765625 0.1875 0.21875
0 0.37265625 0.3546875 0.190625 0.246875
0 0.52109375 0.5 0.1 0.0984375
0 0.40859375 0.5640625 0.1390625 0.0890625
0 0.2546875 0.4890625 0.0890625 0.0984375
0 0.5234375 0.64375 0.090625 0.0703125
0 0.62265625 0.62734375 0.0734375 0.0890625
0 0.4765625 0.79765625 0.090625 0.05
0 0.36875 0.7609375 0.115625 0.05625
0 0.35078125 0.7078125 0.0375 0.028125
0 0.27421875 0.696875 0.06875 0.0484375
0 0.30859375 0.65234375 0.0421875 0.05625
0 0.27265625 0.778125 0.05625 0.0734375
0 0.40234375 0.83515625 0.0828125 0.0578125
0 0.54453125 0.88046875 0.0703125 0.0546875
0 0.46015625 0.8890625 0.0765625 0.0390625
0 0.39765625 0.8890625 0.0328125 0.04375
0 0.33984375 0.95078125 0.046875 0.0375
0 0.64140625 0.90703125 0.040625 0.0390625
0 0.459375 0.07421875 0.196875 0.1484375
0 0.70859375 0.57421875 0.0890625 0.121875
0 0.48125 0.93125 0.040625 0.0390625
0 0.40859375 0.6625 0.1078125 0.071875