0 0.8097968808757274 0.5017369923031082 0.2975647025851888 0.19233474565032244
0 0.4730489559708677 0.5661961143030769 0.19545837452429887 0.20952040041956294
0 0.6533173650955778 0.19427080226579632 0.27331807216657183 0.361841762247062
0 0.8204718067319895 0.8514051055804999 0.13360036167271758 0.14408373195336815
0 0.4995717163138099 0.9092114858788382 0.1535016847906915 0.09730382033565022
0 0.20378696140807517 0.5608979207412801 0.05114068874502422 0.10823947510489074
0 0.2484614273391367 0.32464018941261197 0.08592686562705029 0.1591633576783142
0 0.37804415657889 0.4129545603636734 0.10595552273741297 0.11550844606059663
0 0.313335716350991 0.5292316784149499 0.07865819368794007 0.13368976099766208
0 0.15563862148418733 0.5956998958461707 0.0561465237259962 0.11640717261537965
0 0.19384822870828072 0.4798730636876657 0.03347834486680372 0.05705548340326043
0 0.08728521091378356 0.5720624089184253 0.04686436562705039 0.15620337842423862
0 0.13638058000087502 0.39933438132402366 0.048785009885831745 0.050426975104890734
0 0.37308999011416827 0.03509428256877911 0.13194501977166348 0.07018856513755822
0 0.2794779584795067 0.1750895526900036 0.0652376808363588 0.07192346680652095
0 0.2076056170727441 0.21869876534733965 0.04585101087441492 0.054877676764564676
0 0.18787416543895752 0.7793994670070136 0.08892984882113639 0.07994945435896632
0 0.040898347758191136 0.716547037342664 0.03487901878308031 0.09143048340326061
0 0.26286884825248275 0.6973906051795146 0.05630834980971962 0.08215057178554268
0 0.8367135024342769 0.3190070026760704 0.112714858706968 0.12848204274124866
0 0.14912993079917777 0.31581148630304556 0.05879667984777566 0.06676237012586891
0 0.24334414030444868 0.10617453194407918 0.08105368182494202 0.07779495850815117
0 0.02936262296706208 0.5982589786293757 0.04667868182494202 0.07519017676456467