0 0.2221553917911426 0.795238122047184 0.16193301332783516 0.20076887023308565
0 0.3948032816037282 0.8278026293035783 0.16322272868809903 0.1914484339354164
0 0.14982781842154236 0.18707839246560415 0.11700094655564545 0.1586160865678216
0 0.20415292022917955 0.3911136172378607 0.11912573620994645 0.12435021397248329
0 0.03659203252816503 0.1846850240466171 0.06445495658477529 0.06937004809323422
0 0.2781764757851052 0.0651265253125615 0.08481292069139794 0.07164187622353535
0 0.33805054710964144 0.3793998456383143 0.18263796991261047 0.2686111346610559
0 0.4491568463308539 0.5768328955456471 0.06712531551854858 0.05385417549789597
0 0.48628242478152606 0.6725645469969259 0.04842077962517113 0.054761911069925694
0 0.3783418926490724 0.6375769333872622 0.09201766693047428 0.10467263103285873
0 0.07272604163285806 0.7291443521769182 0.08382473370266397 0.14497024881887377
0 0.570097483636157 0.6294445187739576 0.09564277210332381 0.12196925843752045
0 0.44293427540202907 0.4166220818433162 0.046858279625171126 0.05470734736759475
0 0.23123957211595902 0.6246354453681618 0.07342077962517113 0.05563493030721922