0 0.3720786340656815 0.9784003697753821 0.1487283914905478 0.04319926044923576
0 0.5688793485505033 0.5725400680073616 0.12069429508134384 0.06842530452090294
0 0.6144862434588966 0.3556623457427783 0.2162431444174139 0.11126872758291687
0 0.7178152556573407 0.2588620405562853 0.12084883118569749 0.09498780452090286
0 0.5845300569852006 0.174520795305938 0.13962610226293642 0.10011171561506957
0 0.6365198038619427 0.2491584258148964 0.04397725897699054 0.040080792553055564
0 0.49131638817089807 0.2645262398351046 0.0674783914905479 0.05156380642076393
0 0.38865499648395857 0.3418134788171878 0.14603972872636942 0.12838218597979179
0 0.1995192527304745 0.19055618407993072 0.15526928298109555 0.10360039152687514
0 0.20434869505790285 0.48359766926229175 0.1273624515990063 0.14044577488562524
0 0.22438550174851585 0.8394846465608682 0.1614738311856975 0.09593336189159736
0 0.18670876062731043 0.9424998905769446 0.13337610226293634 0.09996624525034718
0 0.5572303388861417 0.9798920942241669 0.12842498184962742 0.04021581155166629
0 0.9154260538619425 0.2556500408406258 0.09772949375348432 0.1491297906531946
0 0.7727719630118838 0.5749422886564243 0.07074883723582168 0.07663654160312508
0 0.9063863553861943 0.04453070288472298 0.06589771077238851 0.048402438829583394
0 0.07555309200939962 0.9024177916031249 0.07087610226293631 0.09851154160312489