0 0.35352202922154385 0.3163418533286367 0.09195925782192056 0.08319285352912935
0 0.34579210018352663 0.22002296038225094 0.11165013154179623 0.04735044191141169
0 0.5565552949359722 0.2524722979393407 0.14619173151356152 0.07952432448483523
0 0.636438757963095 0.12041865976683983 0.13551183674699843 0.109827131123531
0 0.5357037396178306 0.19282461080181384 0.0869231473268119 0.05014355518880329
0 0.2098391896319481 0.18304133340790485 0.13507222099021768 0.07557053029369402
0 0.21563489234748862 0.272151377599046 0.0926117052052021 0.06768625269929238
0 0.176019384525568 0.346049896270378 0.09077618942018657 0.06288035352912935
0 0.26385331349299807 0.37389239896967036 0.06697466837349922 0.054854365976683986
0 0.02506091318241449 0.10201278589277141 0.05012182636482898 0.10090057178554282
0 0.06654348691640755 0.24835591224241763 0.1330869738328151 0.18421182448483525
0 0.2069593004094056 0.44805102676920905 0.07478716837349922 0.05544636182749905
0 0.16539342668952997 0.40723585000464435 0.08316111049510884 0.03896925684847723
0 0.48014544240395834 0.3518318352820047 0.09619173151356133 0.07573555103961845
0 0.6187375055440205 0.34350096225635074 0.1238617052052021 0.07005423610255282
0 0.8460273186134956 0.26734489441950016 0.12246580517696729 0.09950493776222676
0 0.9198281106362831 0.1858357079066732 0.06559417889684269 0.057860966806520954
0 0.8902385921498446 0.11454012574816819 0.13514781570031076 0.103577131123531
0 0.7665078766330602 0.39314853259200105 0.10418624203690499 0.0794525468904336
0 0.7255573819653193 0.46302240209317 0.05954159997176518 0.03406826929603195
0 0.6328994451053814 0.4371684518833886 0.06366765785015538 0.05149256763635783
0 0.6106380372552259 0.4825634622563507 0.06790013154179633 0.04403526514684693
0 0.606997826788352 0.5450634622563507 0.0744231473268119 0.04919636182749905
0 0.7063222635777027 0.49687626122137674 0.04529708944842135 0.029877676764564674
0 0.47877411625089084 0.5235767807179013 0.07331567363517096 0.056890462657336015
0 0.41090407678835195 0.5302043664008913 0.05245714206513998 0.04597627344521662
0 0.3930487188534919 0.4864776771887719 0.09335515785015547 0.05374215186945541
0 0.3682986188111396 0.43987444171091905 0.07672909997176518 0.035370660167825106
0 0.25046710572754716 0.5094155018740998 0.07378611049510883 0.03825886182749905
0 0.26454501627912574 0.53716199357573 0.05807010523343692 0.03551237012586874
0 0.29216251108804103 0.615370426564072 0.052654563140062116 0.022657172615379827
0 0.30785540052234506 0.5749705695104577 0.03913809471009326 0.030966580083912554
0 0.38957583738228285 0.599995725529098 0.052275131541796326 0.042851273445216796
0 0.4463109557698994 0.5689834464848038 0.051547089448421346 0.03035127344521662
0 0.44199372404457654 0.4140708035384181 0.06513915258848364 0.050048466806521044
0 0.5300096635353503 0.4387883062377105 0.08966871572854593 0.07057445435896632
0 0.5783422057698995 0.5789881763635794 0.06864358418674961 0.030091164317009957
0 0.6727516294050705 0.5343520278181162 0.044371626280124234 0.04069677759440164
0 0.6142041110598061 0.609954756447492 0.04391659997176518 0.03288427759440164
0 0.5394547400413536 0.6403866950349113 0.055036110495108835 0.03683807178554286
0 0.7510887320076716 0.5096848371561045 0.036650131541796326 0.04166728174358667
0 0.07721932152668014 0.5064886435710856 0.06384966837349917 0.054617567636358014
0 0.13547216630736061 0.5571999612074435 0.06697466837349916 0.054854365976683896
0 0.18163453476556435 0.5999328354824973 0.04602513154179624 0.04237767676456468
0 0.39039561376122933 0.666757173039587 0.04253611049510884 0.03589087842423862
0 0.4417907847655644 0.6196462973146408 0.04437162628012441 0.04069677759440164
0 0.7209209028002451 0.23275456163629524 0.08478379465362344 0.0935383576783142