0 0.2277842665897763 0.5595866340065978 0.13105110001590833 0.12096102084968266
0 0.0356534999602291 0.646519647334433 0.0713069999204582 0.12571070533113407
0 0.015998978616343223 0.7837385025072824 0.03199795723268645 0.08702863855894431
0 0.17989965523554993 0.7148340751519668 0.10570565467854491 0.09054609514371954
0 0.2557172679026408 0.7095040659807669 0.028634077339272413 0.044568353919208194
0 0.32872750656432287 0.7440860029695009 0.04938292934436319 0.08265938730530316
0 0.43430643925050383 0.5973126398790927 0.14673064401654462 0.12610316191590948
0 0.7600604172501857 0.5901771236482636 0.46857037603436213 0.26667330377355897
0 0.4359523972788207 0.3887416219324039 0.11671588001272681 0.09711434389007838
0 0.3409297039306396 0.5008444683297648 0.07392839600572695 0.044324313011265916
0 0.09448141792650339 0.5384738151228371 0.10516021467218158 0.04367109514371954
0 0.592199113224096 0.7871838189502678 0.03964430267345413 0.051136602665567035
0 0.5266468385582777 0.7828433114284203 0.06649770401018137 0.07690949247815268
0 0.13390426054268753 0.9090758201374021 0.06348179201145401 0.08619356426490725
0 0.09595082188895965 0.8148999228029691 0.04427725867281791 0.046585494985435
0 0.06922523722950477 0.762570544668866 0.0269261266709089 0.03202288981258548