0 0.26500602232442966 0.42240083183826227 0.13847393912238157 0.15322995776545092
0 0.1841673051988708 0.5824198449218547 0.19998418344033872 0.18959166297065302
0 0.30822063961543955 0.718798418726435 0.11956029788867957 0.14276289462538863
0 0.4201382126679226 0.790325537255226 0.11144778896022593 0.12512036831702938
0 0.5447506546329732 0.8946728610598061 0.16816143912238157 0.15495905773721574
0 0.3577275361241473 0.5652870108762796 0.07611821509696393 0.06843075256024882
0 0.7016785389668164 0.8020240875234572 0.09390573295387146 0.10380681043863901
0 0.7770410032530014 0.8663148297015366 0.06205571509696384 0.0676117052052021
0 0.39630484091268575 0.5013841345961552 0.07466480925276535 0.0745897472985769
0 0.048385132712285395 0.44152807636482894 0.09677026542457079 0.1669438472703421
0 0.15659309902706534 0.1500924633094714 0.08943642126547413 0.11603379465362354
0 0.22034590746905175 0.20881574495008967 0.09894778896022585 0.12439232622365459
0 0.4431019744357501 0.5478272241151638 0.04007162094116268 0.060087631541796326
0 0.5007820608809137 0.5967582768024695 0.1658273717519414 0.20008954721387226
0 0.8462331083658515 0.7475578534496471 0.07523755357072233 0.10740224729857709