0 0.34913590102104086 0.6865205999354016 0.6968376045780366 0.5982042813030656
0 0.6119751686666876 0.2637396437338517 0.14763386182749905 0.08098678901808824
0 0.12071968547553073 0.21431042874677037 0.24143937095106147 0.1614333574935407
0 0.31830675642427 0.31635949182355205 0.11808807178554286 0.06043445712440043
0 0.34799517903964977 0.2664491293927658 0.11654888257342355 0.040121957124400434
0 0.6060426321492163 0.38347115283315036 0.17514355518880328 0.09518899136212662
0 0.4837434248904649 0.2672978354374321 0.09813076929603196 0.0638202729789592
0 0.5552776506200555 0.1313591378737556 0.13636447510489055 0.05538601172019231
0 0.831258887547801 0.2189137068106334 0.1588314709557057 0.0646003254152828
0 0.8178564705314987 0.3750635772609841 0.13184384108157446 0.11884773442229637
0 0.9242607584988625 0.3591160070874886 0.07047936597668389 0.06826794108527157
0 0.5949158780000314 0.3749076812107805 0.20400226099766208 0.08615395280546378
0 0.43964007261073534 0.1655560602990045 0.10090057178554286 0.05933303207825791