0 0.812418185010177 0.8427530204927628 0.3000360700708953 0.31449395901447447
0 0.5627581319615338 0.5382162094116258 0.19314957257817741 0.3047807775961401
0 0.439082602732074 0.43678830275664826 0.0805466210079672 0.1919341298696164
0 0.3619207091585648 0.4291882625786064 0.06183006175762475 0.08541139448011296
0 0.3804674353393813 0.2215939508902091 0.09558058762187223 0.17189436525911975
0 0.5473858138691958 0.09944403571051966 0.18022837226160834 0.18274213636243808
0 0.25350881558505545 0.4210427516215578 0.027699102665567032 0.03952615016215581
0 0.2596344466221524 0.3179722986994585 0.04644910266556703 0.03985343262955983
0 0.44468276722177286 0.7815922881461517 0.05686977711788863 0.07595457386326192
0 0.36380615492278734 0.5792973567344077 0.048375315518548415 0.052380706168510115
0 0.4078540201247667 0.6504144261334428 0.04649456677218975 0.04141593262955982
0 0.3501050192668369 0.4860422345754293 0.039653533386094876 0.02099433847375849