0 0.1234375 0.7859375 0.1640625 0.2109375
0 0.1015625 0.4625 0.203125 0.340625
0 0.39296875 0.425 0.146875 0.178125
0 0.5390625 0.24140625 0.084375 0.1421875
0 0.5671875 0.33125 0.05 0.0765625
0 0.6015625 0.396875 0.0734375 0.1171875
0 0.6546875 0.31640625 0.06875 0.0859375
0 0.7625 0.32265625 0.0953125 0.11875
0 0.4546875 0.68984375 0.1015625 0.1625
0 0.2875 0.69453125 0.090625 0.1328125
0 0.275 0.8625 0.128125 0.103125
0 0.37734375 0.890625 0.0703125 0.078125
0 0.38203125 0.096875 0.1 0.1359375
0 0.5015625 0.14921875 0.0890625 0.140625
0 0.22890625 0.2875 0.1578125 0.2703125
0 0.23046875 0.0703125 0.2140625 0.140625
0 0.59765625 0.47890625 0.0546875 0.0484375
0 0.4640625 0.53984375 0.059375 0.065625
0 0.5 0.44921875 0.05625 0.090625
0 0.2328125 0.5890625 0.1578125 0.3109375