0 0.734788807328808 0.3770707242564762 0.19091920298587758 0.2631423078880957
0 0.9493079982844653 0.5725804433380823 0.1013840034310693 0.19635662697434597
0 0.8316359462006137 0.5378054694825913 0.252435857192922 0.2538157746946167
0 0.9884554846647614 0.3455909682331916 0.02308903067047723 0.11773287427505377
0 0.956847710653497 0.3234917479021856 0.08630457869300585 0.15854805103961844
0 0.5764185684766728 0.5382953346340829 0.19904877723940828 0.20158950124939992
0 0.672266300039341 0.5836535335944644 0.15340849530842302 0.19346842531467204
0 0.8327717473252353 0.7112905136737325 0.0935857450563212 0.11588695435896632
0 0.2911205708224613 0.46802333650818256 0.18259325075630456 0.23298121120744356
0 0.4161958885428295 0.819039539617749 0.16206222946898113 0.22831702199532417
0 0.556181386197041 0.9003226605688106 0.1024908514929388 0.1321039502097811
0 0.6375624261737979 0.9185030528904964 0.12410377153942509 0.08556083693238961
0 0.6942773298766391 0.7524151889884048 0.07900979282674854 0.08525226099766207
0 0.9029603810781357 0.1538430213474024 0.14834965471124734 0.14335002614450915
0 0.7356418411013786 0.14217458338468292 0.17015895273377596 0.1885208161864654
0 0.26447131746826663 0.26662677986948674 0.23384938418022863 0.3658654888018453
0 0.20416796597532785 0.15713707116084288 0.2489609319506557 0.31427414232168577
0 0.09089024992312542 0.7494429703310059 0.08825338887180564 0.17298905933798814
0 0.2980307605667871 0.7353175802844053 0.1836530062041863 0.2703628120372805
0 0.33876465723226296 0.8461124477109816 0.13581680372251181 0.16415943361304172
0 0.423828800039341 0.6024790016503851 0.13898536238870207 0.2094719336130419
0 0.4001513633971083 0.4660445941818524 0.1379034636295394 0.26067923610255284
0 0.18146061960129453 0.7417945684615506 0.15035990496334906 0.21655072780418294
0 0.10311247243161566 0.48619668651282694 0.09969363342392401 0.13655465186945542
0 0.9549470321062122 0.7625076263264242 0.08763067599857095 0.14185745850815118
0 0.74375 0.13074847945456827 0.5125 0.26149695890913655