0 0.5718058919080496 0.707723884553138 0.1766908640197265 0.15448386137453216
0 0.5921109432686393 0.5078843368371301 0.12005905601527189 0.11872342378986112
0 0.5520501119510023 0.39008932722619166 0.15427042401336308 0.10646244120271567
0 0.4685938166375013 0.23953272727162017 0.20279883068109025 0.11681344301173802
0 0.5512892326543641 0.11957210933836729 0.16842383068109026 0.11501192559888347
0 0.3468284519812281 0.15654208559393468 0.14618520401018137 0.08261550542706693
0 0.2014892273233641 0.08404188658930287 0.13224997334499947 0.09281602103089917
0 0.1321455972708665 0.46736231965141817 0.1506374413589988 0.1968417797373263
0 0.31774619525782166 0.5732415846894235 0.12378404002227175 0.17044969810012062
0 0.293988879893414 0.801042358095172 0.20808631468808994 0.1686216044771271
0 0.40489111191123134 0.6755244589542545 0.0773079346753633 0.06807497060135788
0 0.6280815218810055 0.9100134028705036 0.17020450668363551 0.13384381275401297
0 0.5816235978676424 0.9892688367813592 0.09745680267345413 0.021462326437281475
0 0.47411163721359645 0.907416268090223 0.06170111600890884 0.06881859905006031
0 0.3244838072088239 0.934752294775332 0.17294769867918128 0.10119508706427283
0 0.4615201832034151 0.9763693670845125 0.06626134667409059 0.047261265830974966
0 0.30303135662000213 0.3598408259829962 0.08070565467854492 0.09167624491161738
0 0.4095268046228656 0.34431540253181936 0.07563634667409058 0.05861808344622812
0 0.19097187320977843 0.9207196930117381 0.05988407733927246 0.04686171189493038