0 0.4782718877260973 0.3332444732654577 0.17681852559985298 0.2253283586887262
0 0.8255381115079355 0.35964969521805074 0.30281742596899297 0.3641919587046346
0 0.39434176897378964 0.5465626332750027 0.0817086798265045 0.10556020401018137
0 0.3370566024086369 0.3684563619510023 0.09118380937615385 0.10723179201145391
0 0.29668882557216636 0.20654725529122922 0.0654619185677376 0.14440452800763603
0 0.24743289790513012 0.35388587929663806 0.058431866131414004 0.08343066534054513
0 0.19618937538759618 0.27641540730427405 0.0538049228866742 0.059956802673454226
0 0.33327386104651024 0.5371245459500477 0.056107902528608554 0.09589430267345414
0 0.28376281925064484 0.44480123329091104 0.05374436613141409 0.08337612133990877
0 0.1994786543835351 0.4809120033020469 0.04995803207825791 0.0973840773392725
0 0.28738156770948536 0.5954279419557749 0.05091975478036197 0.08802725867281787