0 0.783624687114305 0.9326265385594054 0.21808991701630234 0.13474692288118922
0 0.7515038844243014 0.6575968337422328 0.1263275468904336 0.1041468413771451
0 0.33383909728213007 0.8560739622432028 0.06314046265733611 0.0723313569862416
0 0.303844866578162 0.797061060791924 0.06891686597668398 0.0662996117955652
0 0.34936716366908815 0.9706386541724268 0.45497276514684704 0.05872269165514652
0 0.6722820161725322 0.43158491604888516 0.13496884108157464 0.11535715988879928
0 0.5547187757203019 0.2567163469042587 0.12199524440092269 0.10867065027015244
0 0.21162609085786008 0.5564955697775986 0.2023931394219008 0.1208283990890262
0 0.05265094201165801 0.5138839399258662 0.10530188402331601 0.8955506021769182
0 0.5895422163823136 0.3346975031648609 0.12720296265733602 0.07456846878180672
0 0.39375058400938284 0.6443204959084667 0.06122276514684701 0.06758929328391083
0 0.562288941687697 0.5703076209508758 0.11290366431700996 0.07095239546082902
0 0.6604178657529693 0.6191667616023814 0.11276195435896633 0.08964783175849825
0 0.6348231020560149 0.7812029701325691 0.0501901767645645 0.04538691106992552
0 0.33948670725875135 0.11995292376861544 0.0674960759347277 0.04754961179556512
0 0.45937315476924045 0.1194395469969259 0.05968357593472771 0.04727679328391079
0 0.35501477364570944 0.24582594300590915 0.06988737012586892 0.058541675497895976
0 0.19057376534733966 0.2244171905588384 0.08200886182749914 0.07454862141421197
0 0.19180496263411412 0.8800967608845912 0.09886447510489069 0.05020338584218216
0 0.6560803661771766 0.24223967385343342 0.09787066016782511 0.07821925843752045
0 0.5068518060139958 0.12344748991801699 0.06579186597668389 0.06619048439090336
0 0.3305392663730249 0.7032118570710597 0.06496307178554286 0.055252984390903315
0 0.352273479030361 0.6334722759455337 0.07071616431701004 0.0694791754978958
0 0.43358175600006277 0.6872272477225654 0.047041865976683896 0.06553571996293321
0 0.6272943605780993 0.13626992684865832 0.06273864357108572 0.10815972958157997
0 0.7399468033147036 0.22088551822580338 0.1486313672260838 0.25452878729346107