0 0.2656486493938776 0.6626652740292714 0.4636913726246686 0.43314304805854287
0 0.768192386321623 0.599042957431541 0.2609663464801596 0.29184424403245296
0 0.6909750004242072 0.3834901354232686 0.3527716477202706 0.1024555747135433
0 0.445150247100215 0.19875895739177002 0.23811715186945542 0.09331583736472586
0 0.36651852946850144 0.3250754620464524 0.08011447510489074 0.04776588534372674
0 0.5682899039440479 0.0932549394095874 0.2143710759347277 0.04776698002863507
0 0.7394563541538293 0.1889139794318591 0.1462130717855427 0.0547795013526355
0 0.8697475053985848 0.18808837078290375 0.06098596680652087 0.06315452800763603
0 0.9491390074731771 0.18510936879372145 0.07275226099766208 0.07421929734245411
0 0.9508961280116424 0.31485141279435774 0.09820774397671528 0.06700678134945379
0 0.7492829012679774 0.9425714973742709 0.15923513527271602 0.11485700525145823