0 0.8721854309457987 0.28122075278481273 0.25562913810840265 0.22333060136854382
0 0.91328451605191 0.41526903612344884 0.17343096789618 0.13960903469127164
0 0.3914082096311459 0.10530840205281575 0.40469141926229185 0.20621692138763387
0 0.5305460576550349 0.24439017807126945 0.1239479526972918 0.0904806440165447
0 0.43845012984336834 0.2808083887253155 0.1536718202884723 0.09238858935390812
0 0.6621077950215976 0.39353729742199595 0.1097399823325695 0.0840670120146357
0 0.5684116931979863 0.36120550807604196 0.08448540919430556 0.07283861067790856
0 0.7699579690335421 0.46352362810308617 0.1583593202884721 0.09244313335454457
0 0.5152327950215976 0.3918282520687241 0.08739220364722229 0.06349997334499946
0 0.37667748166697945 0.31133113538349766 0.16635365824437506 0.10034654002227175
0 0.19264470773128486 0.1561061913589988 0.181325348023889 0.13957267202418072
0 0.6423414620996879 0.45032309941913234 0.10650587955902786 0.0793431493475449