0 0.48828125 0.7171875 0.53125 0.1484375
0 0.384375 0.55703125 0.1171875 0.0453125
0 0.4828125 0.58515625 0.0484375 0.03125
0 0.29375 0.94140625 0.15 0.0859375
0 0.1421875 0.83203125 0.090625 0.0546875
0 0.1984375 0.7875 0.090625 0.040625
0 0.8640625 0.6875 0.1125 0.0734375
0 0.6890625 0.5859375 0.0828125 0.04375
0 0.2046875 0.57421875 0.084375 0.0515625
0 0.12421875 0.63125 0.1015625 0.0546875
0 0.65078125 0.496875 0.065625 0.0359375
0 0.66953125 0.5484375 0.0953125 0.0234375
0 0.24140625 0.628125 0.05 0.028125