0 0.4312940445830364 0.15147722178089842 0.3219630891660728 0.30295444356179685
0 0.4780457601704079 0.339646192312397 0.2141366366622936 0.20445439212119315
0 0.47524552581424906 0.4936591860886196 0.1513188472703421 0.11413612282516113
0 0.4945408283603804 0.5824373435571525 0.12100972099021767 0.07450493776222693
0 0.29232733902489844 0.45180634065736747 0.13017188936371688 0.12497853444287887
0 0.10695898642229736 0.4352494931515228 0.1707814788121383 0.15450101369695446
0 0.0870699626035997 0.5787869282144571 0.11298438936371683 0.12367614357108572
0 0.3143450941453959 0.6007999477109818 0.10169827886860797 0.09015324855010753
0 0.4135330230422388 0.6466433987459558 0.14462923151356133 0.07940592531467203
0 0.49604168615406613 0.6890425410676415 0.08821263154179633 0.04557445435896632
0 0.5555385125188951 0.6327440742611206 0.0762586631118273 0.054002260997662074
0 0.6447921863658277 0.45413197695576857 0.10048438936371688 0.12272895020978147
0 0.6363265099586464 0.5512913194872358 0.09820925782192055 0.08366645020978147
0 0.6622849813017998 0.24250739272267108 0.17769787869919879 0.2732510136969545