0 0.7778439467048167 0.7995276645407247 0.11865071907742095 0.29652164772027056
0 0.7118086733238064 0.9298114348624417 0.06623627723940828 0.14037713027511672
0 0.6400265084731002 0.9403044766666404 0.04562884629715871 0.1193910466667191
0 0.6441520077167955 0.7435475838321122 0.052097367584482156 0.1671408784242388
0 0.6958737727999328 0.4941288469043667 0.06976546882531949 0.21976897095570588
0 0.7607021892401227 0.17654045043349603 0.12452937848024544 0.24723204274124866
0 0.6734367720436281 0.2732835506386331 0.06314412822814397 0.16953217261537984
0 0.6197761765027741 0.3282777813426012 0.0503491972858944 0.14214087842423861
0 0.6354225918576832 0.46312637802325335 0.038898245056321556 0.11174298340326061
0 0.5553576694654085 0.5961621757388794 0.05065483590559836 0.2354172817435865
0 0.6024690721598437 0.14745383383211214 0.04712564431968733 0.2071738825734235
0 0.5483546445717888 0.3182031191001836 0.04344363342392406 0.13229228174358648
0 0.5591778940675857 0.17292650789738442 0.03177415990702741 0.0987693867226084
0 0.5622486277239409 0.06125530208852561 0.022716234160558103 0.03591418921211931
0 0.5148480119041695 0.4058089402610265 0.029741766343644827 0.11415758838228243
0 0.5834269472090198 0.9308923732493686 0.02475933540139543 0.08735829004195636
0 0.5736863244287576 0.802708173664287 0.02413662252816078 0.056226689212119395
0 0.9502008218693048 0.9370459009440164 0.09959835626139046 0.1259081981119671
0 0.4966557507563046 0.2567794444102114 0.025458457929556033 0.14180899170163022
0 0.4710601710548924 0.2797074589323585 0.02025750569998319 0.11188469336130424
0 0.4877010038583977 0.3843241039533366 0.021120883171822414 0.057552390871793334
0 0.5190270495351379 0.521137942335619 0.03191627153942509 0.07857528589277152
0 0.47564875411049934 0.4564592130815434 0.027119510895763276 0.07665758838228243
0 0.46561855422671494 0.3352470639113803 0.00763753737886681 0.04254269751048909
0 0.518366859790812 0.2560932827924937 0.02585194183801285 0.10298329004195628
0 0.5073586679527993 0.15423478486708614 0.018651447033792935 0.06669059253146718
0 0.45892652179152654 0.18398056183678788 0.009418558666190258 0.04578609668065212
0 0.5092803449597764 0.5817910998041518 0.014980143815484227 0.05864129419114121
0 0.5189174249132902 0.6307021964848039 0.011745883171822413 0.056841995850815154
0 0.5356021803611718 0.669267789016271 0.013199122528160601 0.05539789502097818
0 0.525850485925269 0.5853780410908634 0.01599634059717552 0.050947193361304245
0 0.5822754485464021 0.5476897095570583 0.025163526987306638 0.11536489087179333
0 0.5941802328231759 0.4623325500139332 0.019164899263365953 0.09625969336130424
0 0.5317623602950151 0.4032050811328197 0.013308383171822414 0.05696039502097818
0 0.49124625696049085 0.5128159568577659 0.014324579953513706 0.049266294191141216
0 0.5373228535097512 0.7494405410908634 0.012215776735204997 0.04133539502097818